{"skill": "capture_image", "args": {"source": "d435_rgbd", "camera": "d435", "robot_ip": "192.168.31.22", "port": 6560, "topic": "d435_rgbd", "timeout_ms": 3000, "output_dir": "/home/yanwen/research/agentic/loopmaster/_grasp_runs/capture_anygrasp_grasp_pose-20260711-022725-78a217/captures"}, "result": {"ok": true, "captured": true, "camera": "d435", "source": "d435_rgbd", "endpoint": "tcp://192.168.31.22:6560", "topic": "d435_rgbd", "metadata": {"topic": "d435_rgbd", "frame_id": 850, "timestamp_s": 1783708045.7331805, "color_encoding": "jpg_bgr8", "depth_encoding": "png_z16", "width": 640, "height": 480, "depth_scale_m": 0.0010000000474974513, "depth_unit": "uint16_raw_times_depth_scale_m", "aligned_depth_to_color": true, "jpeg_quality": 75, "publish_fps": 5.0}, "rgb": {"shape": [480, 640, 3], "dtype": "uint8", "path": "/home/yanwen/research/agentic/loopmaster/_grasp_runs/capture_anygrasp_grasp_pose-20260711-022725-78a217/captures/d435_frame_000850_rgb.png"}, "depth": {"shape": [480, 640], "dtype": "uint16", "path": "/home/yanwen/research/agentic/loopmaster/_grasp_runs/capture_anygrasp_grasp_pose-20260711-022725-78a217/captures/d435_frame_000850_depth.png", "depth_scale_m": 0.0010000000474974513, "valid_depth_pct": 88.196}, "age_ms": 31.467}, "time_s": 1783708045.7797759}
{"skill": "grounded_sam2", "args": {"text_prompt": "bread.", "img_path": "/home/yanwen/research/agentic/loopmaster/_grasp_runs/capture_anygrasp_grasp_pose-20260711-022725-78a217/captures/d435_frame_000850_rgb.png", "output_dir": "/home/yanwen/research/agentic/loopmaster/_grasp_runs/capture_anygrasp_grasp_pose-20260711-022725-78a217/grounded_sam2", "box_threshold": 0.4, "text_threshold": 0.3, "force_cpu": false, "local_files_only": true}, "result": {"ok": true, "status": {"repo_root": "/home/yanwen/research/agentic/loopmaster/third_party/Grounded-SAM-2", "python": "/home/yanwen/research/agentic/loopmaster/.venv/bin/python", "dependencies": {"cv2": {"ok": true, "version": "5.0.0"}, "numpy": {"ok": true, "version": "2.3.5"}, "PIL": {"ok": true, "version": "12.3.0"}, "torch": {"ok": true, "version": "2.11.0+cu128"}, "supervision": {"ok": true, "version": "0.29.1"}, "transformers": {"ok": true, "version": "5.13.0"}, "pycocotools": {"ok": true, "version": ""}}}, "image_path": "/home/yanwen/research/agentic/loopmaster/_grasp_runs/capture_anygrasp_grasp_pose-20260711-022725-78a217/captures/d435_frame_000850_rgb.png", "text_prompt": "bread.", "output_dir": "/home/yanwen/research/agentic/loopmaster/_grasp_runs/capture_anygrasp_grasp_pose-20260711-022725-78a217/grounded_sam2", "seg_mask_path": "/home/yanwen/research/agentic/loopmaster/_grasp_runs/capture_anygrasp_grasp_pose-20260711-022725-78a217/grounded_sam2/seg_mask.png", "annotation_count": 1, "annotations": [{"label_id": 1, "class_name": "bread", "grounding_score": 0.43254271149635315, "sam_score": 0.984375, "bbox_xyxy": [301.3976745605469, 85.36836242675781, 428.81640625, 251.6269073486328], "mask_path": "/home/yanwen/research/agentic/loopmaster/_grasp_runs/capture_anygrasp_grasp_pose-20260711-022725-78a217/grounded_sam2/mask_001.png", "area_pixels": 15330}], "anygrasp_hint": {"seg_mask_path": "/home/yanwen/research/agentic/loopmaster/_grasp_runs/capture_anygrasp_grasp_pose-20260711-022725-78a217/grounded_sam2/seg_mask.png", "region_object_id": 1}}, "time_s": 1783708052.90081}
{"skill": "detect_grasps", "args": {"sdk_root": "/home/yanwen/research/agentic/loopmaster/third_party/anygrasp_sdk", "color_path": "/home/yanwen/research/agentic/loopmaster/_grasp_runs/capture_anygrasp_grasp_pose-20260711-022725-78a217/captures/d435_frame_000850_rgb.png", "depth_path": "/home/yanwen/research/agentic/loopmaster/_grasp_runs/capture_anygrasp_grasp_pose-20260711-022725-78a217/captures/d435_frame_000850_depth.png", "top_k": 5, "depth_scale": 999.999952502551, "depth_trunc": 1.0, "fx": 607.03662109375, "fy": 606.8038940429688, "cx": 316.76116943359375, "cy": 242.75991821289062, "seg_mask_path": "/home/yanwen/research/agentic/loopmaster/_grasp_runs/capture_anygrasp_grasp_pose-20260711-022725-78a217/grounded_sam2/seg_mask.png", "region_object_id": 1}, "result": {"ok": true, "status": {"sdk_root": "/home/yanwen/research/agentic/loopmaster/third_party/anygrasp_sdk", "detection_dir": "/home/yanwen/research/agentic/loopmaster/third_party/anygrasp_sdk/grasp_detection", "gsnet_so": "/home/yanwen/research/agentic/loopmaster/third_party/anygrasp_sdk/grasp_detection/gsnet.so", "license_dir": "/home/yanwen/research/agentic/loopmaster/third_party/anygrasp_sdk/grasp_detection/license", "checkpoint_path": "/home/yanwen/research/agentic/loopmaster/third_party/anygrasp_sdk/grasp_detection/log/checkpoint_detection.tar", "python": "/home/yanwen/research/agentic/loopmaster/.venv/bin/python", "feature_id": "N61993323658455566014", "license_ok": true, "checkpoint_exists": true, "dependencies": {"numpy": {"ok": true, "version": "2.3.5"}, "PIL": {"ok": true, "version": "12.3.0"}, "torch": {"ok": true, "version": "2.11.0+cu128"}, "open3d": {"ok": true, "version": "0.19.0"}, "MinkowskiEngine": {"ok": true, "version": "0.5.4"}, "graspnetAPI": {"ok": true, "version": "1.2.11"}, "pointnet2": {"ok": true, "version": ""}, "gsnet": {"ok": true, "version": ""}}}, "source": {"type": "rgbd", "data_dir": "/home/yanwen/research/agentic/loopmaster/third_party/anygrasp_sdk/grasp_detection/example_data", "color_path": "/home/yanwen/research/agentic/loopmaster/_grasp_runs/capture_anygrasp_grasp_pose-20260711-022725-78a217/captures/d435_frame_000850_rgb.png", "depth_path": "/home/yanwen/research/agentic/loopmaster/_grasp_runs/capture_anygrasp_grasp_pose-20260711-022725-78a217/captures/d435_frame_000850_depth.png", "seg_mask_path": "/home/yanwen/research/agentic/loopmaster/_grasp_runs/capture_anygrasp_grasp_pose-20260711-022725-78a217/grounded_sam2/seg_mask.png", "region_mask_path": "", "region_point_count": 14922, "region_point_fraction": 0.09401343229041972}, "point_count": 158722, "grasp_count": 24, "top_k": 5, "grasps": [{"index": 0, "score": 0.12775656580924988, "width": 0.06917823851108551, "height": 0.029999999329447746, "depth": 0.019999999552965164, "translation": [0.007274950388818979, -0.07984690368175507, 0.44320279359817505], "rotation_matrix": [[0.9859413504600525, -0.0625685602426529, 0.15493512153625488], [0.1546240895986557, -0.00981260184198618, -0.9879246354103088], [0.06333333998918533, 0.9979924559593201, -4.3623636258871556e-08]], "object_id": -1.0}, {"index": 1, "score": 0.07724453508853912, "width": 0.04982724413275719, "height": 0.029999999329447746, "depth": 0.019999999552965164, "translation": [0.006037306040525436, -0.113698311150074, 0.44524648785591125], "rotation_matrix": [[0.9859413504600525, -0.0625685602426529, 0.15493512153625488], [0.1546240895986557, -0.00981260184198618, -0.9879246354103088], [0.06333333998918533, 0.9979924559593201, -4.3623636258871556e-08]], "object_id": -1.0}, {"index": 2, "score": 0.07066690176725388, "width": 0.02627846598625183, "height": 0.029999999329447746, "depth": 0.019999999552965164, "translation": [0.004668880254030228, -0.054164376109838486, 0.4199706017971039], "rotation_matrix": [[0.93841952085495, -0.19488315284252167, 0.2852882146835327], [0.27932843565940857, -0.058008644729852676, -0.9584417939186096], [0.20333333313465118, 0.9791095852851868, -4.2798237842589515e-08]], "object_id": -1.0}, {"index": 3, "score": 0.06459012627601624, "width": 0.03526846691966057, "height": 0.029999999329447746, "depth": 0.009999999776482582, "translation": [0.04032301530241966, -0.09946342557668686, 0.4355856776237488], "rotation_matrix": [[-0.310810923576355, 0.10865437239408493, 0.9442408680915833], [0.8913453817367554, -0.3115994930267334, 0.32925552129745483], [0.33000001311302185, 0.9439809918403625, -4.126271946347515e-08]], "object_id": -1.0}, {"index": 4, "score": 0.06308968365192413, "width": 0.048517558723688126, "height": 0.029999999329447746, "depth": 0.029999999329447746, "translation": [0.05755048617720604, -0.044746171683073044, 0.4185825288295746], "rotation_matrix": [[-0.9145970940589905, 0.4031323194503784, -0.0315677709877491], [-0.02888617105782032, 0.012732370756566525, 0.999501645565033], [0.4033333361148834, 0.9150531888008118, -3.9998244716343834e-08]], "object_id": -1.0}]}, "time_s": 1783708055.9938464}
{"skill": "move_arm_ee", "args": {"side": "right", "input_frame": "arm", "pose": {"position": [0.2453011049510988, 0.18015309631824494, 0.10253764652133976]}, "execute": false, "max_joint_step": 0.05, "step_dt": 0.08, "hold_s": 0.0, "orientation_cost": 0.1, "preserve_current_orientation": true}, "result": {"ok": true, "side": "right", "executed": false, "ik_success": true, "positions": {"joint_1": 1.2574315907285118, "joint_2": -1.8872346266948066, "joint_3": -0.16814620866416852, "joint_4": -1.3986476920851694, "joint_5": 1.2821959072323248, "joint_6": 0.30334535937699203, "gripper": 0.0}, "action_sent": {}, "trajectory": [], "target_arm_pose": [[0.9999999999730146, 3.403357154380486e-10, -7.346411273533663e-06, 0.2453011049510988], [3.9430541239490695e-10, 0.9999999949999995, 9.99999998321997e-05, 0.18015309631824494], [7.346411270835179e-06, -9.999999983239795e-05, 0.9999999949730146, 0.10253764652133976], [0.0, 0.0, 0.0, 1.0]], "target_camera_pose": null, "transform": null, "ik_info": {"backend": "mink", "solver": "daqp", "iterations": 4, "position_error_m": 0.005442889381176434, "task_position_error_m": 0.005444815811142029, "orientation_cost": 0.1, "preserve_current_orientation": true, "target_world_position": [0.2453011049510988, -0.04984690368175507, 0.10253764652133976], "reached_world_position": [0.242036423646141, -0.05314935997065541, 0.09969851227782735]}, "orientation_cost": 0.1}, "time_s": 1783708058.403955}
