{"skill": "capture_image", "args": {"source": "d435_rgbd", "camera": "d435", "robot_ip": "192.168.31.22", "port": 6560, "topic": "d435_rgbd", "timeout_ms": 3000, "output_dir": "/home/yanwen/research/agentic/loopmaster/_grasp_runs/capture_anygrasp_grasp_pose-20260710-234953-48bd16/captures"}, "result": {"ok": true, "captured": true, "camera": "d435", "source": "d435_rgbd", "endpoint": "tcp://192.168.31.22:6560", "topic": "d435_rgbd", "metadata": {"topic": "d435_rgbd", "frame_id": 31950, "timestamp_s": 1783698593.8715115, "color_encoding": "jpg_bgr8", "depth_encoding": "png_z16", "width": 640, "height": 480, "depth_scale_m": 0.0010000000474974513, "depth_unit": "uint16_raw_times_depth_scale_m", "aligned_depth_to_color": true, "jpeg_quality": 75, "publish_fps": 5.0}, "rgb": {"shape": [480, 640, 3], "dtype": "uint8", "path": "/home/yanwen/research/agentic/loopmaster/_grasp_runs/capture_anygrasp_grasp_pose-20260710-234953-48bd16/captures/d435_frame_031950_rgb.png"}, "depth": {"shape": [480, 640], "dtype": "uint16", "path": "/home/yanwen/research/agentic/loopmaster/_grasp_runs/capture_anygrasp_grasp_pose-20260710-234953-48bd16/captures/d435_frame_031950_depth.png", "depth_scale_m": 0.0010000000474974513, "valid_depth_pct": 87.242}, "age_ms": 3.912}, "time_s": 1783698593.886458}
{"skill": "detect_grasps", "args": {"sdk_root": "/home/yanwen/research/agentic/loopmaster/third_party/anygrasp_sdk", "color_path": "/home/yanwen/research/agentic/loopmaster/_grasp_runs/capture_anygrasp_grasp_pose-20260710-234953-48bd16/captures/d435_frame_031950_rgb.png", "depth_path": "/home/yanwen/research/agentic/loopmaster/_grasp_runs/capture_anygrasp_grasp_pose-20260710-234953-48bd16/captures/d435_frame_031950_depth.png", "top_k": 5, "depth_scale": 999.999952502551, "depth_trunc": 1.0, "fx": 607.03662109375, "fy": 606.8038940429688, "cx": 316.76116943359375, "cy": 242.75991821289062}, "result": {"ok": true, "status": {"sdk_root": "/home/yanwen/research/agentic/loopmaster/third_party/anygrasp_sdk", "detection_dir": "/home/yanwen/research/agentic/loopmaster/third_party/anygrasp_sdk/grasp_detection", "gsnet_so": "/home/yanwen/research/agentic/loopmaster/third_party/anygrasp_sdk/grasp_detection/gsnet.so", "license_dir": "/home/yanwen/research/agentic/loopmaster/third_party/anygrasp_sdk/grasp_detection/license", "checkpoint_path": "/home/yanwen/research/agentic/loopmaster/third_party/anygrasp_sdk/grasp_detection/log/checkpoint_detection.tar", "python": "/home/yanwen/research/agentic/loopmaster/.venv/bin/python", "feature_id": "N61993323658455566014", "license_ok": true, "checkpoint_exists": true, "dependencies": {"numpy": {"ok": true, "version": "2.3.5"}, "PIL": {"ok": true, "version": "12.3.0"}, "torch": {"ok": true, "version": "2.11.0+cu128"}, "open3d": {"ok": true, "version": "0.19.0"}, "MinkowskiEngine": {"ok": true, "version": "0.5.4"}, "graspnetAPI": {"ok": true, "version": "1.2.11"}, "pointnet2": {"ok": true, "version": ""}, "gsnet": {"ok": true, "version": ""}}}, "source": {"type": "rgbd", "data_dir": "/home/yanwen/research/agentic/loopmaster/third_party/anygrasp_sdk/grasp_detection/example_data", "color_path": "/home/yanwen/research/agentic/loopmaster/_grasp_runs/capture_anygrasp_grasp_pose-20260710-234953-48bd16/captures/d435_frame_031950_rgb.png", "depth_path": "/home/yanwen/research/agentic/loopmaster/_grasp_runs/capture_anygrasp_grasp_pose-20260710-234953-48bd16/captures/d435_frame_031950_depth.png", "seg_mask_path": "", "region_mask_path": ""}, "point_count": 157974, "grasp_count": 160, "top_k": 5, "grasps": [{"index": 0, "score": 0.31124716997146606, "width": 0.07035007327795029, "height": 0.029999999329447746, "depth": 0.029999999329447746, "translation": [0.16030794382095337, -0.09148944914340973, 0.359000027179718], "rotation_matrix": [[-0.02790042944252491, -0.9993356466293335, 0.023445138707756996], [0.7650776505470276, -0.03644322231411934, -0.6429058909416199], [0.6433333158493042, 0.0, 0.7655861377716064]], "object_id": -1.0}, {"index": 1, "score": 0.29882028698921204, "width": 0.055345360189676285, "height": 0.029999999329447746, "depth": 0.019999999552965164, "translation": [0.16883552074432373, -0.057665325701236725, 0.35165858268737793], "rotation_matrix": [[-0.3117106556892395, 0.8860930800437927, 0.3430385887622833], [0.11383622884750366, -0.3235997259616852, 0.9393212795257568], [0.9433333277702332, 0.331846684217453, -1.450547948422809e-08]], "object_id": -1.0}, {"index": 2, "score": 0.2704871892929077, "width": 0.06571105122566223, "height": 0.029999999329447746, "depth": 0.019999999552965164, "translation": [0.1762808859348297, -0.0712970718741417, 0.35184618830680847], "rotation_matrix": [[-0.348649799823761, 0.4905538558959961, 0.7986240386962891], [0.2938424050807953, -0.7519199848175049, 0.5901466012001038], [0.89000004529953, 0.4404240846633911, 0.1180112287402153]], "object_id": -1.0}, {"index": 3, "score": 0.24648670852184296, "width": 0.05621076002717018, "height": 0.029999999329447746, "depth": 0.019999999552965164, "translation": [0.17032070457935333, -0.08242231607437134, 0.3519224226474762], "rotation_matrix": [[-0.27048853039741516, 0.014005661010742188, 0.9626213908195496], [0.6644483208656311, -0.720849335193634, 0.19719237089157104], [0.6966667175292969, 0.692950427532196, 0.18567542731761932]], "object_id": -1.0}, {"index": 4, "score": 0.24449355900287628, "width": 0.0637967512011528, "height": 0.029999999329447746, "depth": 0.029999999329447746, "translation": [0.17223410308361053, -0.09483645111322403, 0.3606414496898651], "rotation_matrix": [[-0.27048853039741516, -0.8266517519950867, 0.49343985319137573], [0.6644483208656311, -0.5311981439590454, -0.5256776809692383], [0.6966667175292969, 0.1856754869222641, 0.6929503679275513]], "object_id": -1.0}]}, "time_s": 1783698603.8269165}
