{
  "workspace": "/home/yanwen/research/agentic/loopmaster/_grasp_runs/capture_anygrasp_grasp_pose-20260711-004512-c9937f",
  "rgb_path": "/home/yanwen/research/agentic/loopmaster/_grasp_runs/capture_anygrasp_grasp_pose-20260711-004512-c9937f/captures/d435_frame_047181_rgb.png",
  "depth_path": "/home/yanwen/research/agentic/loopmaster/_grasp_runs/capture_anygrasp_grasp_pose-20260711-004512-c9937f/captures/d435_frame_047181_depth.png",
  "debug_image_path": "/home/yanwen/research/agentic/loopmaster/_grasp_runs/capture_anygrasp_grasp_pose-20260711-004512-c9937f/top_grasp_debug.png",
  "extrinsics_path": "/home/yanwen/research/agentic/loopmaster/loopmaster_agentic/config/head_camera_extrinsics.json",
  "camera_to_object": [
    [
      -0.10528454929590225,
      -0.9855514764785767,
      0.13267801702022552,
      0.1637974977493286
    ],
    [
      0.6126206517219543,
      -0.1693761795759201,
      -0.7720153331756592,
      -0.032595887780189514
    ],
    [
      0.7833333611488342,
      0.0,
      0.6216018795967102,
      0.4230000078678131
    ],
    [
      0.0,
      0.0,
      0.0,
      1.0
    ]
  ],
  "right_arm_grasp_pose": [
    [
      0.4828457748906635,
      0.853512615367709,
      0.19589840653509566,
      0.09964720980666356
    ],
    [
      0.6126206517219543,
      -0.1693761795759201,
      -0.7720153331756592,
      0.2274041122198105
    ],
    [
      -0.6257443157387895,
      0.49277573823928833,
      -0.6046620272810197,
      -0.10822750148920784
    ],
    [
      0.0,
      0.0,
      0.0,
      1.0
    ]
  ],
  "right_arm_target_pose": [
    [
      0.4828457748906635,
      0.853512615367709,
      0.19589840653509566,
      0.09964720980666356
    ],
    [
      0.6126206517219543,
      -0.1693761795759201,
      -0.7720153331756592,
      0.2274041122198105
    ],
    [
      -0.6257443157387895,
      0.49277573823928833,
      -0.6046620272810197,
      -0.05822750148920784
    ],
    [
      0.0,
      0.0,
      0.0,
      1.0
    ]
  ],
  "right_arm_target_z_offset_m": 0.05,
  "move_arm_ee_args": {
    "side": "right",
    "input_frame": "arm",
    "pose": {
      "matrix": [
        [
          0.4828457748906635,
          0.853512615367709,
          0.19589840653509566,
          0.09964720980666356
        ],
        [
          0.6126206517219543,
          -0.1693761795759201,
          -0.7720153331756592,
          0.2274041122198105
        ],
        [
          -0.6257443157387895,
          0.49277573823928833,
          -0.6046620272810197,
          -0.05822750148920784
        ],
        [
          0.0,
          0.0,
          0.0,
          1.0
        ]
      ]
    },
    "execute": true
  },
  "move_arm_ee_result": {
    "ok": true,
    "side": "right",
    "executed": true,
    "ik_success": true,
    "positions": {
      "joint_1": 1.4999763966316118,
      "joint_2": -2.195742840152907,
      "joint_3": -1.553916837973221e-07,
      "joint_4": -1.338860607125318,
      "joint_5": 0.459425063405978,
      "joint_6": 2.901374077501556,
      "gripper": -0.15506981313228607
    },
    "action_sent": {
      "right_joint_1.pos": 1.499976396560669,
      "right_joint_2.pos": -2.1957428455352783,
      "right_joint_3.pos": -1.5539168884970422e-07,
      "right_joint_4.pos": -1.3388606309890747,
      "right_joint_5.pos": 0.45942506194114685,
      "right_joint_6.pos": 2.901374101638794,
      "right_gripper.pos": -0.15506981313228607,
      "left_joint_1.pos": 0.0,
      "left_joint_2.pos": 0.0,
      "left_joint_3.pos": 0.0,
      "left_joint_4.pos": 0.0,
      "left_joint_5.pos": 0.0,
      "left_joint_6.pos": 0.0,
      "left_gripper.pos": 0.0,
      "x.vel": 0.0,
      "y.vel": 0.0,
      "theta.vel": 0.0,
      "height.pos": 0.0
    },
    "target_arm_pose": [
      [
        0.4828457748906635,
        0.853512615367709,
        0.19589840653509566,
        0.09964720980666356
      ],
      [
        0.6126206517219543,
        -0.1693761795759201,
        -0.7720153331756592,
        0.2274041122198105
      ],
      [
        -0.6257443157387895,
        0.49277573823928833,
        -0.6046620272810197,
        -0.05822750148920784
      ],
      [
        0.0,
        0.0,
        0.0,
        1.0
      ]
    ],
    "target_camera_pose": null,
    "transform": null,
    "ik_info": {
      "backend": "mink",
      "solver": "daqp",
      "iterations": 5,
      "position_error_m": 0.0022897351274363963,
      "task_position_error_m": 0.002289862276751719,
      "target_world_position": [
        0.09964720980666356,
        -0.0025958877801895153,
        -0.05822750148920784
      ],
      "reached_world_position": [
        0.09755461379923577,
        -0.002918651208124401,
        -0.059099139414668406
      ]
    }
  },
  "move_arm_ee_error": null,
  "camera_params": {
    "source": "/home/yanwen/research/agentic/loopmaster/hei-rebot-lift/software/lerobot-hei-rebot-lift/src/lerobot/cameras/d435_intrinsics_640x480.json",
    "fx": 607.03662109375,
    "fy": 606.8038940429688,
    "cx": 316.76116943359375,
    "cy": 242.75991821289062,
    "depth_scale": 999.999952502551,
    "depth_scale_m": 0.0010000000474974513,
    "width": 640,
    "height": 480
  },
  "top_grasp": {
    "index": 0,
    "score": 0.3072057366371155,
    "width": 0.05979534238576889,
    "height": 0.029999999329447746,
    "depth": 0.019999999552965164,
    "translation": [
      0.1637974977493286,
      -0.032595887780189514,
      0.4230000078678131
    ],
    "rotation_matrix": [
      [
        -0.10528454929590225,
        -0.9855514764785767,
        0.13267801702022552
      ],
      [
        0.6126206517219543,
        -0.1693761795759201,
        -0.7720153331756592
      ],
      [
        0.7833333611488342,
        0.0,
        0.6216018795967102
      ]
    ],
    "object_id": -1.0
  }
}