{"skill": "capture_image", "args": {"source": "d435_rgbd", "camera": "d435", "robot_ip": "192.168.31.22", "port": 6560, "topic": "d435_rgbd", "timeout_ms": 3000, "output_dir": "/home/yanwen/research/agentic/loopmaster/_grasp_runs/capture_anygrasp_grasp_pose-20260711-004512-c9937f/captures"}, "result": {"ok": true, "captured": true, "camera": "d435", "source": "d435_rgbd", "endpoint": "tcp://192.168.31.22:6560", "topic": "d435_rgbd", "metadata": {"topic": "d435_rgbd", "frame_id": 47181, "timestamp_s": 1783701912.3413668, "color_encoding": "jpg_bgr8", "depth_encoding": "png_z16", "width": 640, "height": 480, "depth_scale_m": 0.0010000000474974513, "depth_unit": "uint16_raw_times_depth_scale_m", "aligned_depth_to_color": true, "jpeg_quality": 75, "publish_fps": 5.0}, "rgb": {"shape": [480, 640, 3], "dtype": "uint8", "path": "/home/yanwen/research/agentic/loopmaster/_grasp_runs/capture_anygrasp_grasp_pose-20260711-004512-c9937f/captures/d435_frame_047181_rgb.png"}, "depth": {"shape": [480, 640], "dtype": "uint16", "path": "/home/yanwen/research/agentic/loopmaster/_grasp_runs/capture_anygrasp_grasp_pose-20260711-004512-c9937f/captures/d435_frame_047181_depth.png", "depth_scale_m": 0.0010000000474974513, "valid_depth_pct": 91.218}, "age_ms": 42.653}, "time_s": 1783701912.4725335}
{"skill": "detect_grasps", "args": {"sdk_root": "/home/yanwen/research/agentic/loopmaster/third_party/anygrasp_sdk", "color_path": "/home/yanwen/research/agentic/loopmaster/_grasp_runs/capture_anygrasp_grasp_pose-20260711-004512-c9937f/captures/d435_frame_047181_rgb.png", "depth_path": "/home/yanwen/research/agentic/loopmaster/_grasp_runs/capture_anygrasp_grasp_pose-20260711-004512-c9937f/captures/d435_frame_047181_depth.png", "top_k": 5, "depth_scale": 999.999952502551, "depth_trunc": 1.0, "fx": 607.03662109375, "fy": 606.8038940429688, "cx": 316.76116943359375, "cy": 242.75991821289062}, "result": {"ok": true, "status": {"sdk_root": "/home/yanwen/research/agentic/loopmaster/third_party/anygrasp_sdk", "detection_dir": "/home/yanwen/research/agentic/loopmaster/third_party/anygrasp_sdk/grasp_detection", "gsnet_so": "/home/yanwen/research/agentic/loopmaster/third_party/anygrasp_sdk/grasp_detection/gsnet.so", "license_dir": "/home/yanwen/research/agentic/loopmaster/third_party/anygrasp_sdk/grasp_detection/license", "checkpoint_path": "/home/yanwen/research/agentic/loopmaster/third_party/anygrasp_sdk/grasp_detection/log/checkpoint_detection.tar", "python": "/home/yanwen/research/agentic/loopmaster/.venv/bin/python", "feature_id": "N61993323658455566014", "license_ok": true, "checkpoint_exists": true, "dependencies": {"numpy": {"ok": true, "version": "2.3.5"}, "PIL": {"ok": true, "version": "12.3.0"}, "torch": {"ok": true, "version": "2.11.0+cu128"}, "open3d": {"ok": true, "version": "0.19.0"}, "MinkowskiEngine": {"ok": true, "version": "0.5.4"}, "graspnetAPI": {"ok": true, "version": "1.2.11"}, "pointnet2": {"ok": true, "version": ""}, "gsnet": {"ok": true, "version": ""}}}, "source": {"type": "rgbd", "data_dir": "/home/yanwen/research/agentic/loopmaster/third_party/anygrasp_sdk/grasp_detection/example_data", "color_path": "/home/yanwen/research/agentic/loopmaster/_grasp_runs/capture_anygrasp_grasp_pose-20260711-004512-c9937f/captures/d435_frame_047181_rgb.png", "depth_path": "/home/yanwen/research/agentic/loopmaster/_grasp_runs/capture_anygrasp_grasp_pose-20260711-004512-c9937f/captures/d435_frame_047181_depth.png", "seg_mask_path": "", "region_mask_path": ""}, "point_count": 150116, "grasp_count": 115, "top_k": 5, "grasps": [{"index": 0, "score": 0.3072057366371155, "width": 0.05979534238576889, "height": 0.029999999329447746, "depth": 0.019999999552965164, "translation": [0.1637974977493286, -0.032595887780189514, 0.4230000078678131], "rotation_matrix": [[-0.10528454929590225, -0.9855514764785767, 0.13267801702022552], [0.6126206517219543, -0.1693761795759201, -0.7720153331756592], [0.7833333611488342, 0.0, 0.6216018795967102]], "object_id": -1.0}, {"index": 1, "score": 0.29685714840888977, "width": 0.041041962802410126, "height": 0.029999999329447746, "depth": 0.019999999552965164, "translation": [0.043957825750112534, 0.09318564832210541, 0.29192841053009033], "rotation_matrix": [[-0.5848186612129211, 0.2427220195531845, 0.7739982008934021], [0.7148725390434265, -0.29669928550720215, 0.6331878304481506], [0.38333332538604736, 0.9236100912094116, -4.037227796516163e-08]], "object_id": -1.0}, {"index": 2, "score": 0.2966110110282898, "width": 0.05061624199151993, "height": 0.029999999329447746, "depth": 0.019999999552965164, "translation": [0.025553273037075996, 0.0994119942188263, 0.2937034070491791], "rotation_matrix": [[0.07559296488761902, -0.2483547329902649, 0.9657150506973267], [0.2812020480632782, -0.923867404460907, -0.259604275226593], [0.9566666483879089, 0.29118531942367554, -1.272811456232148e-08]], "object_id": -1.0}, {"index": 3, "score": 0.29271718859672546, "width": 0.10000000149011612, "height": 0.029999999329447746, "depth": 0.019999999552965164, "translation": [0.16141630709171295, 0.05780702084302902, 0.3750000298023224], "rotation_matrix": [[0.15586048364639282, 0.9777116179466248, -0.1406681090593338], [-0.7258150577545166, 0.20995239913463593, 0.6550667881965637], [0.6700000166893005, 0.0, 0.7423611283302307]], "object_id": -1.0}, {"index": 4, "score": 0.2626120150089264, "width": 0.090084969997406, "height": 0.029999999329447746, "depth": 0.029999999329447746, "translation": [0.16194379329681396, 0.018652992323040962, 0.36871007084846497], "rotation_matrix": [[-0.08158158510923386, 0.9627060294151306, -0.25795653462409973], [0.0, 0.25881925225257874, 0.9659257531166077], [0.996666669845581, 0.07880175113677979, -0.021114883944392204]], "object_id": -1.0}]}, "time_s": 1783701917.445772}
{"skill": "move_arm_ee", "args": {"side": "right", "input_frame": "arm", "pose": {"matrix": [[0.4828457748906635, 0.853512615367709, 0.19589840653509566, 0.09964720980666356], [0.6126206517219543, -0.1693761795759201, -0.7720153331756592, 0.2274041122198105], [-0.6257443157387895, 0.49277573823928833, -0.6046620272810197, -0.05822750148920784], [0.0, 0.0, 0.0, 1.0]]}, "execute": true}, "result": {"ok": true, "side": "right", "executed": true, "ik_success": true, "positions": {"joint_1": 1.4999763966316118, "joint_2": -2.195742840152907, "joint_3": -1.553916837973221e-07, "joint_4": -1.338860607125318, "joint_5": 0.459425063405978, "joint_6": 2.901374077501556, "gripper": -0.15506981313228607}, "action_sent": {"right_joint_1.pos": 1.499976396560669, "right_joint_2.pos": -2.1957428455352783, "right_joint_3.pos": -1.5539168884970422e-07, "right_joint_4.pos": -1.3388606309890747, "right_joint_5.pos": 0.45942506194114685, "right_joint_6.pos": 2.901374101638794, "right_gripper.pos": -0.15506981313228607, "left_joint_1.pos": 0.0, "left_joint_2.pos": 0.0, "left_joint_3.pos": 0.0, "left_joint_4.pos": 0.0, "left_joint_5.pos": 0.0, "left_joint_6.pos": 0.0, "left_gripper.pos": 0.0, "x.vel": 0.0, "y.vel": 0.0, "theta.vel": 0.0, "height.pos": 0.0}, "target_arm_pose": [[0.4828457748906635, 0.853512615367709, 0.19589840653509566, 0.09964720980666356], [0.6126206517219543, -0.1693761795759201, -0.7720153331756592, 0.2274041122198105], [-0.6257443157387895, 0.49277573823928833, -0.6046620272810197, -0.05822750148920784], [0.0, 0.0, 0.0, 1.0]], "target_camera_pose": null, "transform": null, "ik_info": {"backend": "mink", "solver": "daqp", "iterations": 5, "position_error_m": 0.0022897351274363963, "task_position_error_m": 0.002289862276751719, "target_world_position": [0.09964720980666356, -0.0025958877801895153, -0.05822750148920784], "reached_world_position": [0.09755461379923577, -0.002918651208124401, -0.059099139414668406]}}, "time_s": 1783701919.9795196}
