{
  "workspace": "/home/yanwen/research/agentic/loopmaster/_grasp_runs/capture_anygrasp_grasp_pose-20260711-011608-23a7ed",
  "rgb_path": "/home/yanwen/research/agentic/loopmaster/_grasp_runs/capture_anygrasp_grasp_pose-20260711-011608-23a7ed/captures/d435_frame_055721_rgb.png",
  "depth_path": "/home/yanwen/research/agentic/loopmaster/_grasp_runs/capture_anygrasp_grasp_pose-20260711-011608-23a7ed/captures/d435_frame_055721_depth.png",
  "debug_image_path": "/home/yanwen/research/agentic/loopmaster/_grasp_runs/capture_anygrasp_grasp_pose-20260711-011608-23a7ed/top_grasp_debug.png",
  "extrinsics_path": "/home/yanwen/research/agentic/loopmaster/loopmaster_agentic/config/head_camera_extrinsics.json",
  "camera_to_object": [
    [
      0.07559296488761902,
      -0.2483547329902649,
      0.9657150506973267,
      0.03557559847831726
    ],
    [
      0.2812020480632782,
      -0.923867404460907,
      -0.259604275226593,
      0.09982898831367493
    ],
    [
      0.9566666483879089,
      0.29118531942367554,
      -1.272811456232148e-08,
      0.29387739300727844
    ],
    [
      0.0,
      0.0,
      0.0,
      1.0
    ]
  ],
  "right_arm_grasp_pose": [
    [
      0.4128678962538913,
      0.3606741676315084,
      -0.8363337730849192,
      0.14612932446658145
    ],
    [
      0.2812020480632782,
      -0.923867404460907,
      -0.259604275226593,
      0.35982898831367494
    ],
    [
      -0.8662941029010539,
      -0.1279965173348569,
      -0.48285751432579277,
      0.06770691281859492
    ],
    [
      0.0,
      0.0,
      0.0,
      1.0
    ]
  ],
  "right_arm_target_pose": [
    [
      1.0,
      0.0,
      0.0,
      0.14612932446658145
    ],
    [
      0.0,
      1.0,
      0.0,
      0.35982898831367494
    ],
    [
      0.0,
      0.0,
      1.0,
      0.11770691281859492
    ],
    [
      0.0,
      0.0,
      0.0,
      1.0
    ]
  ],
  "right_arm_target_z_offset_m": 0.05,
  "target_rotation": "fixed",
  "move_arm_ee_args": {
    "side": "right",
    "input_frame": "arm",
    "pose": {
      "position": [
        0.14612932446658145,
        0.35982898831367494,
        0.11770691281859492
      ]
    },
    "execute": true,
    "max_joint_step": 0.05,
    "step_dt": 0.08,
    "hold_s": 0.0,
    "current_positions": {
      "joint_1": -0.1356145590543747,
      "joint_2": -1.3578622341156006,
      "joint_3": -1.3181887865066528,
      "joint_4": 1.2438009977340698,
      "joint_5": 0.010490577667951584,
      "joint_6": 0.026131074875593185,
      "gripper": -0.21229113638401031
    }
  },
  "arm_init_config": "/home/yanwen/research/agentic/loopmaster/loopmaster_agentic/config/arm_init_pose.json",
  "init_arm_positions": {
    "joint_1": -0.1356145590543747,
    "joint_2": -1.3578622341156006,
    "joint_3": -1.3181887865066528,
    "joint_4": 1.2438009977340698,
    "joint_5": 0.010490577667951584,
    "joint_6": 0.026131074875593185,
    "gripper": -0.21229113638401031
  },
  "init_arm_results": [
    {
      "side": "right",
      "args": {
        "side": "right",
        "positions": {
          "joint_1": -0.1356145590543747,
          "joint_2": -1.3578622341156006,
          "joint_3": -1.3181887865066528,
          "joint_4": 1.2438009977340698,
          "joint_5": 0.010490577667951584,
          "joint_6": 0.026131074875593185,
          "gripper": -0.21229113638401031
        }
      },
      "result": {
        "ok": true,
        "action_sent": {
          "right_joint_1.pos": -0.1356145590543747,
          "right_joint_2.pos": -1.3578622341156006,
          "right_joint_3.pos": -1.3181887865066528,
          "right_joint_4.pos": 1.2438009977340698,
          "right_joint_5.pos": 0.010490577667951584,
          "right_joint_6.pos": 0.026131074875593185,
          "right_gripper.pos": -0.21229113638401031,
          "left_joint_1.pos": 0.0,
          "left_joint_2.pos": 0.0,
          "left_joint_3.pos": 0.0,
          "left_joint_4.pos": 0.0,
          "left_joint_5.pos": 0.0,
          "left_joint_6.pos": 0.0,
          "left_gripper.pos": 0.0,
          "x.vel": 0.0,
          "y.vel": 0.0,
          "theta.vel": 0.0,
          "height.pos": 0.0
        }
      }
    },
    {
      "side": "left",
      "args": {
        "side": "left",
        "positions": {
          "joint_1": -0.1356145590543747,
          "joint_2": -1.3578622341156006,
          "joint_3": -1.3181887865066528,
          "joint_4": 1.2438009977340698,
          "joint_5": 0.010490577667951584,
          "joint_6": 0.026131074875593185,
          "gripper": -0.21229113638401031
        }
      },
      "result": {
        "ok": true,
        "action_sent": {
          "right_joint_1.pos": 0.0,
          "right_joint_2.pos": 0.0,
          "right_joint_3.pos": 0.0,
          "right_joint_4.pos": 0.0,
          "right_joint_5.pos": 0.0,
          "right_joint_6.pos": 0.0,
          "right_gripper.pos": 0.0,
          "left_joint_1.pos": -0.1356145590543747,
          "left_joint_2.pos": -1.3578622341156006,
          "left_joint_3.pos": -1.3181887865066528,
          "left_joint_4.pos": 1.2438009977340698,
          "left_joint_5.pos": 0.010490577667951584,
          "left_joint_6.pos": 0.026131074875593185,
          "left_gripper.pos": -0.21229113638401031,
          "x.vel": 0.0,
          "y.vel": 0.0,
          "theta.vel": 0.0,
          "height.pos": 0.0
        }
      }
    }
  ],
  "move_arm_ee_result": {
    "ok": false,
    "side": "right",
    "ik_success": false,
    "positions": {
      "joint_1": 1.5,
      "joint_2": -2.0646420846977853,
      "joint_3": -0.5693343276155981,
      "joint_4": -1.4,
      "joint_5": 1.1520605979122074,
      "joint_6": 0.09393205152168536,
      "gripper": -0.21229113638401031
    },
    "target_arm_pose": [
      [
        1.0,
        0.0,
        0.0,
        0.14612932446658145
      ],
      [
        0.0,
        1.0,
        0.0,
        0.35982898831367494
      ],
      [
        0.0,
        0.0,
        1.0,
        0.11770691281859492
      ],
      [
        0.0,
        0.0,
        0.0,
        1.0
      ]
    ],
    "target_camera_pose": null,
    "transform": null,
    "error": "IK did not converge",
    "ik_info": {
      "backend": "mink",
      "solver": "daqp",
      "iterations": 80,
      "position_error_m": 0.04715948782539199,
      "task_position_error_m": 0.04739873046097206,
      "target_world_position": [
        0.14612932446658145,
        0.12982898831367493,
        0.11770691281859492
      ],
      "reached_world_position": [
        0.19317364964207862,
        0.12653615736968585,
        0.11778453439862342
      ]
    }
  },
  "move_arm_ee_error": "move_arm_ee failed: IK did not converge\ntrace: /home/yanwen/research/agentic/loopmaster/_grasp_runs/capture_anygrasp_grasp_pose-20260711-011608-23a7ed/trace.jsonl",
  "post_move_arm_positions": null,
  "camera_params": {
    "source": "/home/yanwen/research/agentic/loopmaster/hei-rebot-lift/software/lerobot-hei-rebot-lift/src/lerobot/cameras/d435_intrinsics_640x480.json",
    "fx": 607.03662109375,
    "fy": 606.8038940429688,
    "cx": 316.76116943359375,
    "cy": 242.75991821289062,
    "depth_scale": 999.999952502551,
    "depth_scale_m": 0.0010000000474974513,
    "width": 640,
    "height": 480
  },
  "top_grasp": {
    "index": 0,
    "score": 0.30954790115356445,
    "width": 0.04945790395140648,
    "height": 0.029999999329447746,
    "depth": 0.019999999552965164,
    "translation": [
      0.03557559847831726,
      0.09982898831367493,
      0.29387739300727844
    ],
    "rotation_matrix": [
      [
        0.07559296488761902,
        -0.2483547329902649,
        0.9657150506973267
      ],
      [
        0.2812020480632782,
        -0.923867404460907,
        -0.259604275226593
      ],
      [
        0.9566666483879089,
        0.29118531942367554,
        -1.272811456232148e-08
      ]
    ],
    "object_id": -1.0
  }
}