{"skill": "capture_image", "args": {"source": "d435_rgbd", "camera": "d435", "robot_ip": "192.168.31.22", "port": 6560, "topic": "d435_rgbd", "timeout_ms": 3000, "output_dir": "/home/yanwen/research/agentic/loopmaster/_grasp_runs/capture_anygrasp_grasp_pose-20260711-011608-23a7ed/captures"}, "result": {"ok": true, "captured": true, "camera": "d435", "source": "d435_rgbd", "endpoint": "tcp://192.168.31.22:6560", "topic": "d435_rgbd", "metadata": {"topic": "d435_rgbd", "frame_id": 55721, "timestamp_s": 1783703768.500892, "color_encoding": "jpg_bgr8", "depth_encoding": "png_z16", "width": 640, "height": 480, "depth_scale_m": 0.0010000000474974513, "depth_unit": "uint16_raw_times_depth_scale_m", "aligned_depth_to_color": true, "jpeg_quality": 75, "publish_fps": 5.0}, "rgb": {"shape": [480, 640, 3], "dtype": "uint8", "path": "/home/yanwen/research/agentic/loopmaster/_grasp_runs/capture_anygrasp_grasp_pose-20260711-011608-23a7ed/captures/d435_frame_055721_rgb.png"}, "depth": {"shape": [480, 640], "dtype": "uint16", "path": "/home/yanwen/research/agentic/loopmaster/_grasp_runs/capture_anygrasp_grasp_pose-20260711-011608-23a7ed/captures/d435_frame_055721_depth.png", "depth_scale_m": 0.0010000000474974513, "valid_depth_pct": 89.475}, "age_ms": 27.095}, "time_s": 1783703768.537859}
{"skill": "detect_grasps", "args": {"sdk_root": "/home/yanwen/research/agentic/loopmaster/third_party/anygrasp_sdk", "color_path": "/home/yanwen/research/agentic/loopmaster/_grasp_runs/capture_anygrasp_grasp_pose-20260711-011608-23a7ed/captures/d435_frame_055721_rgb.png", "depth_path": "/home/yanwen/research/agentic/loopmaster/_grasp_runs/capture_anygrasp_grasp_pose-20260711-011608-23a7ed/captures/d435_frame_055721_depth.png", "top_k": 5, "depth_scale": 999.999952502551, "depth_trunc": 1.0, "fx": 607.03662109375, "fy": 606.8038940429688, "cx": 316.76116943359375, "cy": 242.75991821289062}, "result": {"ok": true, "status": {"sdk_root": "/home/yanwen/research/agentic/loopmaster/third_party/anygrasp_sdk", "detection_dir": "/home/yanwen/research/agentic/loopmaster/third_party/anygrasp_sdk/grasp_detection", "gsnet_so": "/home/yanwen/research/agentic/loopmaster/third_party/anygrasp_sdk/grasp_detection/gsnet.so", "license_dir": "/home/yanwen/research/agentic/loopmaster/third_party/anygrasp_sdk/grasp_detection/license", "checkpoint_path": "/home/yanwen/research/agentic/loopmaster/third_party/anygrasp_sdk/grasp_detection/log/checkpoint_detection.tar", "python": "/home/yanwen/research/agentic/loopmaster/.venv/bin/python", "feature_id": "N61993323658455566014", "license_ok": true, "checkpoint_exists": true, "dependencies": {"numpy": {"ok": true, "version": "2.3.5"}, "PIL": {"ok": true, "version": "12.3.0"}, "torch": {"ok": true, "version": "2.11.0+cu128"}, "open3d": {"ok": true, "version": "0.19.0"}, "MinkowskiEngine": {"ok": true, "version": "0.5.4"}, "graspnetAPI": {"ok": true, "version": "1.2.11"}, "pointnet2": {"ok": true, "version": ""}, "gsnet": {"ok": true, "version": ""}}}, "source": {"type": "rgbd", "data_dir": "/home/yanwen/research/agentic/loopmaster/third_party/anygrasp_sdk/grasp_detection/example_data", "color_path": "/home/yanwen/research/agentic/loopmaster/_grasp_runs/capture_anygrasp_grasp_pose-20260711-011608-23a7ed/captures/d435_frame_055721_rgb.png", "depth_path": "/home/yanwen/research/agentic/loopmaster/_grasp_runs/capture_anygrasp_grasp_pose-20260711-011608-23a7ed/captures/d435_frame_055721_depth.png", "seg_mask_path": "", "region_mask_path": ""}, "point_count": 147558, "grasp_count": 121, "top_k": 5, "grasps": [{"index": 0, "score": 0.30954790115356445, "width": 0.04945790395140648, "height": 0.029999999329447746, "depth": 0.019999999552965164, "translation": [0.03557559847831726, 0.09982898831367493, 0.29387739300727844], "rotation_matrix": [[0.07559296488761902, -0.2483547329902649, 0.9657150506973267], [0.2812020480632782, -0.923867404460907, -0.259604275226593], [0.9566666483879089, 0.29118531942367554, -1.272811456232148e-08]], "object_id": -1.0}, {"index": 1, "score": 0.2567915618419647, "width": 0.057397738099098206, "height": 0.029999999329447746, "depth": 0.029999999329447746, "translation": [-0.006350500974804163, 0.09837426245212555, 0.29280760884284973], "rotation_matrix": [[0.22279958426952362, -0.3152832090854645, 0.9224731922149658], [0.5323681831359863, -0.7533531188964844, -0.38606107234954834], [0.8166666626930237, 0.5771096348762512, -2.5226263744571042e-08]], "object_id": -1.0}, {"index": 2, "score": 0.2549983263015747, "width": 0.05209342762827873, "height": 0.029999999329447746, "depth": 0.019999999552965164, "translation": [0.0054911039769649506, 0.09977176785469055, 0.29406657814979553], "rotation_matrix": [[-0.1149248331785202, 0.2763387858867645, 0.9541640877723694], [0.36639848351478577, -0.8810115456581116, 0.299283891916275], [0.9233333468437195, 0.38399943709373474, -1.6785149270504007e-08]], "object_id": -1.0}, {"index": 3, "score": 0.2284407913684845, "width": 0.04168836399912834, "height": 0.029999999329447746, "depth": 0.029999999329447746, "translation": [0.04892716556787491, 0.09996793419122696, 0.289000004529953], "rotation_matrix": [[-0.5112633109092712, -0.13334698975086212, 0.8490161895751953], [0.0687897577881813, -0.9910694360733032, -0.11423392593860626], [0.8566666841506958, 0.0, 0.5158703327178955]], "object_id": -1.0}, {"index": 4, "score": 0.2184859961271286, "width": 0.03391633182764053, "height": 0.029999999329447746, "depth": 0.029999999329447746, "translation": [0.08081871271133423, 0.1014048233628273, 0.289000004529953], "rotation_matrix": [[-0.6358653903007507, 0.08256509155035019, 0.7673709392547607], [-0.05268014967441559, -0.9965856671333313, 0.06357511878013611], [0.7699999809265137, 0.0, 0.6380438804626465]], "object_id": -1.0}]}, "time_s": 1783703773.7470887}
{"skill": "move_arm_joints", "args": {"side": "right", "positions": {"joint_1": -0.1356145590543747, "joint_2": -1.3578622341156006, "joint_3": -1.3181887865066528, "joint_4": 1.2438009977340698, "joint_5": 0.010490577667951584, "joint_6": 0.026131074875593185, "gripper": -0.21229113638401031}}, "result": {"ok": true, "action_sent": {"right_joint_1.pos": -0.1356145590543747, "right_joint_2.pos": -1.3578622341156006, "right_joint_3.pos": -1.3181887865066528, "right_joint_4.pos": 1.2438009977340698, "right_joint_5.pos": 0.010490577667951584, "right_joint_6.pos": 0.026131074875593185, "right_gripper.pos": -0.21229113638401031, "left_joint_1.pos": 0.0, "left_joint_2.pos": 0.0, "left_joint_3.pos": 0.0, "left_joint_4.pos": 0.0, "left_joint_5.pos": 0.0, "left_joint_6.pos": 0.0, "left_gripper.pos": 0.0, "x.vel": 0.0, "y.vel": 0.0, "theta.vel": 0.0, "height.pos": 0.0}}, "time_s": 1783703776.0130494}
{"skill": "move_arm_joints", "args": {"side": "left", "positions": {"joint_1": -0.1356145590543747, "joint_2": -1.3578622341156006, "joint_3": -1.3181887865066528, "joint_4": 1.2438009977340698, "joint_5": 0.010490577667951584, "joint_6": 0.026131074875593185, "gripper": -0.21229113638401031}}, "result": {"ok": true, "action_sent": {"right_joint_1.pos": 0.0, "right_joint_2.pos": 0.0, "right_joint_3.pos": 0.0, "right_joint_4.pos": 0.0, "right_joint_5.pos": 0.0, "right_joint_6.pos": 0.0, "right_gripper.pos": 0.0, "left_joint_1.pos": -0.1356145590543747, "left_joint_2.pos": -1.3578622341156006, "left_joint_3.pos": -1.3181887865066528, "left_joint_4.pos": 1.2438009977340698, "left_joint_5.pos": 0.010490577667951584, "left_joint_6.pos": 0.026131074875593185, "left_gripper.pos": -0.21229113638401031, "x.vel": 0.0, "y.vel": 0.0, "theta.vel": 0.0, "height.pos": 0.0}}, "time_s": 1783703776.0131552}
{"skill": "move_arm_ee", "args": {"side": "right", "input_frame": "arm", "pose": {"position": [0.14612932446658145, 0.35982898831367494, 0.11770691281859492]}, "execute": true, "max_joint_step": 0.05, "step_dt": 0.08, "hold_s": 0.0, "current_positions": {"joint_1": -0.1356145590543747, "joint_2": -1.3578622341156006, "joint_3": -1.3181887865066528, "joint_4": 1.2438009977340698, "joint_5": 0.010490577667951584, "joint_6": 0.026131074875593185, "gripper": -0.21229113638401031}}, "result": {"ok": false, "side": "right", "ik_success": false, "positions": {"joint_1": 1.5, "joint_2": -2.0646420846977853, "joint_3": -0.5693343276155981, "joint_4": -1.4, "joint_5": 1.1520605979122074, "joint_6": 0.09393205152168536, "gripper": -0.21229113638401031}, "target_arm_pose": [[1.0, 0.0, 0.0, 0.14612932446658145], [0.0, 1.0, 0.0, 0.35982898831367494], [0.0, 0.0, 1.0, 0.11770691281859492], [0.0, 0.0, 0.0, 1.0]], "target_camera_pose": null, "transform": null, "error": "IK did not converge", "ik_info": {"backend": "mink", "solver": "daqp", "iterations": 80, "position_error_m": 0.04715948782539199, "task_position_error_m": 0.04739873046097206, "target_world_position": [0.14612932446658145, 0.12982898831367493, 0.11770691281859492], "reached_world_position": [0.19317364964207862, 0.12653615736968585, 0.11778453439862342]}}, "time_s": 1783703776.7509224}
