{
  "workspace": "/home/yanwen/research/agentic/loopmaster/_grasp_runs/capture_anygrasp_grasp_pose-20260711-023918-e6003b",
  "mode": "anygrasp",
  "rgb_path": "/home/yanwen/research/agentic/loopmaster/_grasp_runs/capture_anygrasp_grasp_pose-20260711-023918-e6003b/captures/d435_frame_004129_rgb.png",
  "depth_path": "/home/yanwen/research/agentic/loopmaster/_grasp_runs/capture_anygrasp_grasp_pose-20260711-023918-e6003b/captures/d435_frame_004129_depth.png",
  "debug_image_path": "/home/yanwen/research/agentic/loopmaster/_grasp_runs/capture_anygrasp_grasp_pose-20260711-023918-e6003b/top_grasp_debug.png",
  "extrinsics_path": "/home/yanwen/research/agentic/loopmaster/loopmaster_agentic/config/head_camera_extrinsics.json",
  "camera_to_object": [
    [
      0.12232581526041031,
      -0.9838520288467407,
      -0.13065801560878754,
      0.03511928394436836
    ],
    [
      0.6724109053611755,
      0.17898356914520264,
      -0.7182120084762573,
      -0.049549780786037445
    ],
    [
      0.7300000190734863,
      0.0,
      0.6834471821784973,
      0.42500001192092896
    ],
    [
      0.0,
      0.0,
      0.0,
      1.0
    ]
  ],
  "right_arm_grasp_pose": [
    [
      -0.21732491628772876,
      -0.1550043177397541,
      0.963713435732732,
      0.28541137487312296
    ],
    [
      -0.12232581526041031,
      0.9838520288467407,
      0.13065801560878754,
      0.22488071605563165
    ],
    [
      -0.9684040139613517,
      -0.08949178457260132,
      -0.23277661767334124,
      -0.0032859165391949663
    ],
    [
      0.0,
      0.0,
      0.0,
      1.0
    ]
  ],
  "right_arm_target_pose": [
    [
      1.0,
      0.0,
      0.0,
      0.28541137487312296
    ],
    [
      0.0,
      1.0,
      0.0,
      0.22488071605563165
    ],
    [
      0.0,
      0.0,
      1.0,
      0.14671408346080503
    ],
    [
      0.0,
      0.0,
      0.0,
      1.0
    ]
  ],
  "right_arm_target_z_offset_m": 0.15,
  "target_rotation": "fixed",
  "move_arm_ee_args": {
    "side": "right",
    "input_frame": "arm",
    "pose": {
      "position": [
        0.28541137487312296,
        0.22488071605563165,
        0.14671408346080503
      ]
    },
    "execute": false,
    "max_joint_step": 0.05,
    "step_dt": 0.08,
    "hold_s": 0.0,
    "orientation_cost": 0.1,
    "preserve_current_orientation": true
  },
  "arm_init_config": "/home/yanwen/research/agentic/loopmaster/loopmaster_agentic/config/arm_init_pose.json",
  "init_arm_positions": null,
  "init_arm_results": [],
  "move_arm_ee_result": {
    "ok": true,
    "side": "right",
    "executed": false,
    "ik_success": true,
    "positions": {
      "joint_1": 1.151532739914641,
      "joint_2": -1.822381289640922,
      "joint_3": -0.34294913765031676,
      "joint_4": -1.3911255071801965,
      "joint_5": 1.1518176169022813,
      "joint_6": 0.09605398806459739,
      "gripper": 0.0
    },
    "action_sent": {},
    "trajectory": [],
    "target_arm_pose": [
      [
        0.9999999999730146,
        3.403357154380486e-10,
        -7.346411273533663e-06,
        0.28541137487312296
      ],
      [
        3.9430541239490695e-10,
        0.9999999949999995,
        9.99999998321997e-05,
        0.22488071605563165
      ],
      [
        7.346411270835179e-06,
        -9.999999983239795e-05,
        0.9999999949730146,
        0.14671408346080503
      ],
      [
        0.0,
        0.0,
        0.0,
        1.0
      ]
    ],
    "target_camera_pose": null,
    "transform": null,
    "ik_info": {
      "backend": "mink",
      "solver": "daqp",
      "iterations": 4,
      "position_error_m": 0.008706905829273047,
      "task_position_error_m": 0.0087070381194574,
      "orientation_cost": 0.1,
      "preserve_current_orientation": true,
      "target_world_position": [
        0.28541137487312296,
        -0.0051192839443683635,
        0.14671408346080503
      ],
      "reached_world_position": [
        0.2806912874502481,
        -0.011565401071882895,
        0.14325307814173788
      ]
    },
    "orientation_cost": 0.1
  },
  "move_arm_ee_error": null,
  "post_move_arm_positions": null,
  "camera_params": {
    "source": "/home/yanwen/research/agentic/loopmaster/hei-rebot-lift/software/lerobot-hei-rebot-lift/src/lerobot/cameras/d435_intrinsics_640x480.json",
    "fx": 607.03662109375,
    "fy": 606.8038940429688,
    "cx": 316.76116943359375,
    "cy": 242.75991821289062,
    "depth_scale": 999.999952502551,
    "depth_scale_m": 0.0010000000474974513,
    "width": 640,
    "height": 480
  },
  "top_grasp": {
    "index": 0,
    "score": 0.07232734560966492,
    "width": 0.10000000149011612,
    "height": 0.029999999329447746,
    "depth": 0.029999999329447746,
    "translation": [
      0.03511928394436836,
      -0.049549780786037445,
      0.42500001192092896
    ],
    "rotation_matrix": [
      [
        0.12232581526041031,
        -0.9838520288467407,
        -0.13065801560878754
      ],
      [
        0.6724109053611755,
        0.17898356914520264,
        -0.7182120084762573
      ],
      [
        0.7300000190734863,
        0.0,
        0.6834471821784973
      ]
    ],
    "object_id": -1.0
  },
  "grounded_sam2_result": {
    "ok": true,
    "status": {
      "repo_root": "/home/yanwen/research/agentic/loopmaster/third_party/Grounded-SAM-2",
      "python": "/home/yanwen/research/agentic/loopmaster/.venv/bin/python",
      "dependencies": {
        "cv2": {
          "ok": true,
          "version": "5.0.0"
        },
        "numpy": {
          "ok": true,
          "version": "2.3.5"
        },
        "PIL": {
          "ok": true,
          "version": "12.3.0"
        },
        "torch": {
          "ok": true,
          "version": "2.11.0+cu128"
        },
        "supervision": {
          "ok": true,
          "version": "0.29.1"
        },
        "transformers": {
          "ok": true,
          "version": "5.13.0"
        },
        "pycocotools": {
          "ok": true,
          "version": ""
        }
      }
    },
    "image_path": "/home/yanwen/research/agentic/loopmaster/_grasp_runs/capture_anygrasp_grasp_pose-20260711-023918-e6003b/captures/d435_frame_004129_rgb.png",
    "text_prompt": "yellow bread.",
    "output_dir": "/home/yanwen/research/agentic/loopmaster/_grasp_runs/capture_anygrasp_grasp_pose-20260711-023918-e6003b/grounded_sam2",
    "seg_mask_path": "/home/yanwen/research/agentic/loopmaster/_grasp_runs/capture_anygrasp_grasp_pose-20260711-023918-e6003b/grounded_sam2/seg_mask.png",
    "annotation_count": 1,
    "annotations": [
      {
        "label_id": 1,
        "class_name": "yellow bread",
        "grounding_score": 0.40686196088790894,
        "sam_score": 0.91796875,
        "bbox_xyxy": [
          344.743896484375,
          155.09121704101562,
          407.0420837402344,
          209.32522583007812
        ],
        "mask_path": "/home/yanwen/research/agentic/loopmaster/_grasp_runs/capture_anygrasp_grasp_pose-20260711-023918-e6003b/grounded_sam2/mask_001.png",
        "area_pixels": 2311
      }
    ],
    "anygrasp_hint": {
      "seg_mask_path": "/home/yanwen/research/agentic/loopmaster/_grasp_runs/capture_anygrasp_grasp_pose-20260711-023918-e6003b/grounded_sam2/seg_mask.png",
      "region_object_id": 1
    }
  }
}