{"skill": "capture_image", "args": {"source": "d435_rgbd", "camera": "d435", "robot_ip": "192.168.31.22", "port": 6560, "topic": "d435_rgbd", "timeout_ms": 3000, "output_dir": "/home/yanwen/research/agentic/loopmaster/_grasp_runs/capture_anygrasp_grasp_pose-20260711-023918-e6003b/captures"}, "result": {"ok": true, "captured": true, "camera": "d435", "source": "d435_rgbd", "endpoint": "tcp://192.168.31.22:6560", "topic": "d435_rgbd", "metadata": {"topic": "d435_rgbd", "frame_id": 4129, "timestamp_s": 1783708759.0685773, "color_encoding": "jpg_bgr8", "depth_encoding": "png_z16", "width": 640, "height": 480, "depth_scale_m": 0.0010000000474974513, "depth_unit": "uint16_raw_times_depth_scale_m", "aligned_depth_to_color": true, "jpeg_quality": 75, "publish_fps": 5.0}, "rgb": {"shape": [480, 640, 3], "dtype": "uint8", "path": "/home/yanwen/research/agentic/loopmaster/_grasp_runs/capture_anygrasp_grasp_pose-20260711-023918-e6003b/captures/d435_frame_004129_rgb.png"}, "depth": {"shape": [480, 640], "dtype": "uint16", "path": "/home/yanwen/research/agentic/loopmaster/_grasp_runs/capture_anygrasp_grasp_pose-20260711-023918-e6003b/captures/d435_frame_004129_depth.png", "depth_scale_m": 0.0010000000474974513, "valid_depth_pct": 89.68}, "age_ms": 22.234}, "time_s": 1783708759.102211}
{"skill": "grounded_sam2", "args": {"text_prompt": "yellow bread.", "img_path": "/home/yanwen/research/agentic/loopmaster/_grasp_runs/capture_anygrasp_grasp_pose-20260711-023918-e6003b/captures/d435_frame_004129_rgb.png", "output_dir": "/home/yanwen/research/agentic/loopmaster/_grasp_runs/capture_anygrasp_grasp_pose-20260711-023918-e6003b/grounded_sam2", "box_threshold": 0.4, "text_threshold": 0.3, "force_cpu": false, "local_files_only": true}, "result": {"ok": true, "status": {"repo_root": "/home/yanwen/research/agentic/loopmaster/third_party/Grounded-SAM-2", "python": "/home/yanwen/research/agentic/loopmaster/.venv/bin/python", "dependencies": {"cv2": {"ok": true, "version": "5.0.0"}, "numpy": {"ok": true, "version": "2.3.5"}, "PIL": {"ok": true, "version": "12.3.0"}, "torch": {"ok": true, "version": "2.11.0+cu128"}, "supervision": {"ok": true, "version": "0.29.1"}, "transformers": {"ok": true, "version": "5.13.0"}, "pycocotools": {"ok": true, "version": ""}}}, "image_path": "/home/yanwen/research/agentic/loopmaster/_grasp_runs/capture_anygrasp_grasp_pose-20260711-023918-e6003b/captures/d435_frame_004129_rgb.png", "text_prompt": "yellow bread.", "output_dir": "/home/yanwen/research/agentic/loopmaster/_grasp_runs/capture_anygrasp_grasp_pose-20260711-023918-e6003b/grounded_sam2", "seg_mask_path": "/home/yanwen/research/agentic/loopmaster/_grasp_runs/capture_anygrasp_grasp_pose-20260711-023918-e6003b/grounded_sam2/seg_mask.png", "annotation_count": 1, "annotations": [{"label_id": 1, "class_name": "yellow bread", "grounding_score": 0.40686196088790894, "sam_score": 0.91796875, "bbox_xyxy": [344.743896484375, 155.09121704101562, 407.0420837402344, 209.32522583007812], "mask_path": "/home/yanwen/research/agentic/loopmaster/_grasp_runs/capture_anygrasp_grasp_pose-20260711-023918-e6003b/grounded_sam2/mask_001.png", "area_pixels": 2311}], "anygrasp_hint": {"seg_mask_path": "/home/yanwen/research/agentic/loopmaster/_grasp_runs/capture_anygrasp_grasp_pose-20260711-023918-e6003b/grounded_sam2/seg_mask.png", "region_object_id": 1}}, "time_s": 1783708766.3987346}
{"skill": "detect_grasps", "args": {"sdk_root": "/home/yanwen/research/agentic/loopmaster/third_party/anygrasp_sdk", "color_path": "/home/yanwen/research/agentic/loopmaster/_grasp_runs/capture_anygrasp_grasp_pose-20260711-023918-e6003b/captures/d435_frame_004129_rgb.png", "depth_path": "/home/yanwen/research/agentic/loopmaster/_grasp_runs/capture_anygrasp_grasp_pose-20260711-023918-e6003b/captures/d435_frame_004129_depth.png", "top_k": 5, "depth_scale": 999.999952502551, "depth_trunc": 1.0, "fx": 607.03662109375, "fy": 606.8038940429688, "cx": 316.76116943359375, "cy": 242.75991821289062, "seg_mask_path": "/home/yanwen/research/agentic/loopmaster/_grasp_runs/capture_anygrasp_grasp_pose-20260711-023918-e6003b/grounded_sam2/seg_mask.png", "region_object_id": 1}, "result": {"ok": true, "status": {"sdk_root": "/home/yanwen/research/agentic/loopmaster/third_party/anygrasp_sdk", "detection_dir": "/home/yanwen/research/agentic/loopmaster/third_party/anygrasp_sdk/grasp_detection", "gsnet_so": "/home/yanwen/research/agentic/loopmaster/third_party/anygrasp_sdk/grasp_detection/gsnet.so", "license_dir": "/home/yanwen/research/agentic/loopmaster/third_party/anygrasp_sdk/grasp_detection/license", "checkpoint_path": "/home/yanwen/research/agentic/loopmaster/third_party/anygrasp_sdk/grasp_detection/log/checkpoint_detection.tar", "python": "/home/yanwen/research/agentic/loopmaster/.venv/bin/python", "feature_id": "N61993323658455566014", "license_ok": true, "checkpoint_exists": true, "dependencies": {"numpy": {"ok": true, "version": "2.3.5"}, "PIL": {"ok": true, "version": "12.3.0"}, "torch": {"ok": true, "version": "2.11.0+cu128"}, "open3d": {"ok": true, "version": "0.19.0"}, "MinkowskiEngine": {"ok": true, "version": "0.5.4"}, "graspnetAPI": {"ok": true, "version": "1.2.11"}, "pointnet2": {"ok": true, "version": ""}, "gsnet": {"ok": true, "version": ""}}}, "source": {"type": "rgbd", "data_dir": "/home/yanwen/research/agentic/loopmaster/third_party/anygrasp_sdk/grasp_detection/example_data", "color_path": "/home/yanwen/research/agentic/loopmaster/_grasp_runs/capture_anygrasp_grasp_pose-20260711-023918-e6003b/captures/d435_frame_004129_rgb.png", "depth_path": "/home/yanwen/research/agentic/loopmaster/_grasp_runs/capture_anygrasp_grasp_pose-20260711-023918-e6003b/captures/d435_frame_004129_depth.png", "seg_mask_path": "/home/yanwen/research/agentic/loopmaster/_grasp_runs/capture_anygrasp_grasp_pose-20260711-023918-e6003b/grounded_sam2/seg_mask.png", "region_mask_path": "", "region_point_count": 2311, "region_point_fraction": 0.015222574993083642}, "point_count": 151814, "grasp_count": 4, "top_k": 5, "grasps": [{"index": 0, "score": 0.07232734560966492, "width": 0.10000000149011612, "height": 0.029999999329447746, "depth": 0.029999999329447746, "translation": [0.03511928394436836, -0.049549780786037445, 0.42500001192092896], "rotation_matrix": [[0.12232581526041031, -0.9838520288467407, -0.13065801560878754], [0.6724109053611755, 0.17898356914520264, -0.7182120084762573], [0.7300000190734863, 0.0, 0.6834471821784973]], "object_id": -1.0}, {"index": 1, "score": 0.031944986432790756, "width": 0.10000000149011612, "height": 0.029999999329447746, "depth": 0.029999999329447746, "translation": [0.03529701754450798, -0.049608029425144196, 0.4250238835811615], "rotation_matrix": [[0.12232581526041031, 0.9165113568305969, 0.38084545731544495], [0.6724109053611755, -0.3587717115879059, 0.6474152207374573], [0.7300000190734863, 0.17688904702663422, -0.6601592898368835]], "object_id": -1.0}, {"index": 2, "score": 0.027460206300020218, "width": 0.10000000149011612, "height": 0.029999999329447746, "depth": 0.029999999329447746, "translation": [0.03561733663082123, -0.034815628081560135, 0.4240000247955322], "rotation_matrix": [[-0.01589503511786461, 0.9961710572242737, 0.08596863597631454], [-0.18111571669578552, -0.08742573112249374, 0.9795682430267334], [0.9833333492279053, 0.0, 0.1818118691444397]], "object_id": -1.0}, {"index": 3, "score": 0.012222462333738804, "width": 0.10000000149011612, "height": 0.029999999329447746, "depth": 0.029999999329447746, "translation": [0.03904181346297264, -0.05442560836672783, 0.4280976951122284], "rotation_matrix": [[0.1040186807513237, -0.9499893188476562, -0.29444918036460876], [0.09528963267803192, 0.30421242117881775, -0.9478262662887573], [0.9900000095367432, 0.07053368538618088, 0.1221679225564003]], "object_id": -1.0}]}, "time_s": 1783708769.5702267}
{"skill": "move_arm_ee", "args": {"side": "right", "input_frame": "arm", "pose": {"position": [0.28541137487312296, 0.22488071605563165, 0.14671408346080503]}, "execute": false, "max_joint_step": 0.05, "step_dt": 0.08, "hold_s": 0.0, "orientation_cost": 0.1, "preserve_current_orientation": true}, "result": {"ok": true, "side": "right", "executed": false, "ik_success": true, "positions": {"joint_1": 1.151532739914641, "joint_2": -1.822381289640922, "joint_3": -0.34294913765031676, "joint_4": -1.3911255071801965, "joint_5": 1.1518176169022813, "joint_6": 0.09605398806459739, "gripper": 0.0}, "action_sent": {}, "trajectory": [], "target_arm_pose": [[0.9999999999730146, 3.403357154380486e-10, -7.346411273533663e-06, 0.28541137487312296], [3.9430541239490695e-10, 0.9999999949999995, 9.99999998321997e-05, 0.22488071605563165], [7.346411270835179e-06, -9.999999983239795e-05, 0.9999999949730146, 0.14671408346080503], [0.0, 0.0, 0.0, 1.0]], "target_camera_pose": null, "transform": null, "ik_info": {"backend": "mink", "solver": "daqp", "iterations": 4, "position_error_m": 0.008706905829273047, "task_position_error_m": 0.0087070381194574, "orientation_cost": 0.1, "preserve_current_orientation": true, "target_world_position": [0.28541137487312296, -0.0051192839443683635, 0.14671408346080503], "reached_world_position": [0.2806912874502481, -0.011565401071882895, 0.14325307814173788]}, "orientation_cost": 0.1}, "time_s": 1783708772.0123584}
