{"skill": "capture_image", "args": {"source": "d435_rgbd", "camera": "d435", "robot_ip": "192.168.31.22", "port": 6560, "topic": "d435_rgbd", "timeout_ms": 3000, "output_dir": "/home/yanwen/research/agentic/loopmaster/_grasp_runs/capture_anygrasp_grasp_pose-20260711-010538-896f7a/captures"}, "result": {"ok": true, "captured": true, "camera": "d435", "source": "d435_rgbd", "endpoint": "tcp://192.168.31.22:6560", "topic": "d435_rgbd", "metadata": {"topic": "d435_rgbd", "frame_id": 52814, "timestamp_s": 1783703139.107582, "color_encoding": "jpg_bgr8", "depth_encoding": "png_z16", "width": 640, "height": 480, "depth_scale_m": 0.0010000000474974513, "depth_unit": "uint16_raw_times_depth_scale_m", "aligned_depth_to_color": true, "jpeg_quality": 75, "publish_fps": 5.0}, "rgb": {"shape": [480, 640, 3], "dtype": "uint8", "path": "/home/yanwen/research/agentic/loopmaster/_grasp_runs/capture_anygrasp_grasp_pose-20260711-010538-896f7a/captures/d435_frame_052814_rgb.png"}, "depth": {"shape": [480, 640], "dtype": "uint16", "path": "/home/yanwen/research/agentic/loopmaster/_grasp_runs/capture_anygrasp_grasp_pose-20260711-010538-896f7a/captures/d435_frame_052814_depth.png", "depth_scale_m": 0.0010000000474974513, "valid_depth_pct": 91.042}, "age_ms": 33.113}, "time_s": 1783703139.1520953}
{"skill": "detect_grasps", "args": {"sdk_root": "/home/yanwen/research/agentic/loopmaster/third_party/anygrasp_sdk", "color_path": "/home/yanwen/research/agentic/loopmaster/_grasp_runs/capture_anygrasp_grasp_pose-20260711-010538-896f7a/captures/d435_frame_052814_rgb.png", "depth_path": "/home/yanwen/research/agentic/loopmaster/_grasp_runs/capture_anygrasp_grasp_pose-20260711-010538-896f7a/captures/d435_frame_052814_depth.png", "top_k": 5, "depth_scale": 999.999952502551, "depth_trunc": 1.0, "fx": 607.03662109375, "fy": 606.8038940429688, "cx": 316.76116943359375, "cy": 242.75991821289062}, "result": {"ok": true, "status": {"sdk_root": "/home/yanwen/research/agentic/loopmaster/third_party/anygrasp_sdk", "detection_dir": "/home/yanwen/research/agentic/loopmaster/third_party/anygrasp_sdk/grasp_detection", "gsnet_so": "/home/yanwen/research/agentic/loopmaster/third_party/anygrasp_sdk/grasp_detection/gsnet.so", "license_dir": "/home/yanwen/research/agentic/loopmaster/third_party/anygrasp_sdk/grasp_detection/license", "checkpoint_path": "/home/yanwen/research/agentic/loopmaster/third_party/anygrasp_sdk/grasp_detection/log/checkpoint_detection.tar", "python": "/home/yanwen/research/agentic/loopmaster/.venv/bin/python", "feature_id": "N61993323658455566014", "license_ok": true, "checkpoint_exists": true, "dependencies": {"numpy": {"ok": true, "version": "2.3.5"}, "PIL": {"ok": true, "version": "12.3.0"}, "torch": {"ok": true, "version": "2.11.0+cu128"}, "open3d": {"ok": true, "version": "0.19.0"}, "MinkowskiEngine": {"ok": true, "version": "0.5.4"}, "graspnetAPI": {"ok": true, "version": "1.2.11"}, "pointnet2": {"ok": true, "version": ""}, "gsnet": {"ok": true, "version": ""}}}, "source": {"type": "rgbd", "data_dir": "/home/yanwen/research/agentic/loopmaster/third_party/anygrasp_sdk/grasp_detection/example_data", "color_path": "/home/yanwen/research/agentic/loopmaster/_grasp_runs/capture_anygrasp_grasp_pose-20260711-010538-896f7a/captures/d435_frame_052814_rgb.png", "depth_path": "/home/yanwen/research/agentic/loopmaster/_grasp_runs/capture_anygrasp_grasp_pose-20260711-010538-896f7a/captures/d435_frame_052814_depth.png", "seg_mask_path": "", "region_mask_path": ""}, "point_count": 144852, "grasp_count": 113, "top_k": 5, "grasps": [{"index": 0, "score": 0.26191216707229614, "width": 0.044787388294935226, "height": 0.029999999329447746, "depth": 0.029999999329447746, "translation": [0.04027366638183594, 0.09886737912893295, 0.289000004529953], "rotation_matrix": [[-0.5112633109092712, -0.13334698975086212, 0.8490161895751953], [0.0687897577881813, -0.9910694360733032, -0.11423392593860626], [0.8566666841506958, 0.0, 0.5158703327178955]], "object_id": -1.0}, {"index": 1, "score": 0.25187066197395325, "width": 0.04127085953950882, "height": 0.029999999329447746, "depth": 0.029999999329447746, "translation": [0.07410454750061035, 0.10003519058227539, 0.289000004529953], "rotation_matrix": [[-0.5112633109092712, -0.13334698975086212, 0.8490161895751953], [0.0687897577881813, -0.9910694360733032, -0.11423392593860626], [0.8566666841506958, 0.0, 0.5158703327178955]], "object_id": -1.0}, {"index": 2, "score": 0.21291068196296692, "width": 0.07530838996171951, "height": 0.029999999329447746, "depth": 0.019999999552965164, "translation": [0.09960775822401047, 0.027869272977113724, 0.3840000033378601], "rotation_matrix": [[-0.2078252136707306, -0.9682018756866455, 0.13926129043102264], [0.8043201565742493, -0.2501699924468994, -0.5389657020568848], [0.5566666722297668, 0.0, 0.8307359218597412]], "object_id": -1.0}, {"index": 3, "score": 0.2070220708847046, "width": 0.06212153285741806, "height": 0.029999999329447746, "depth": 0.029999999329447746, "translation": [-0.00550724845379591, 0.09916826337575912, 0.29386112093925476], "rotation_matrix": [[0.22279958426952362, -0.3152832090854645, 0.9224731922149658], [0.5323681831359863, -0.7533531188964844, -0.38606107234954834], [0.8166666626930237, 0.5771096348762512, -2.5226263744571042e-08]], "object_id": -1.0}, {"index": 4, "score": 0.202103853225708, "width": 0.03333522751927376, "height": 0.029999999329447746, "depth": 0.029999999329447746, "translation": [0.04022645950317383, 0.10082932561635971, 0.2869856357574463], "rotation_matrix": [[-0.40493783354759216, 0.02262870967388153, -0.9140642285346985], [-0.08902444690465927, 0.9939683079719543, 0.06404538452625275], [0.9100000262260437, 0.10730845481157303, -0.40048086643218994]], "object_id": -1.0}]}, "time_s": 1783703144.371102}
{"skill": "move_arm_ee", "args": {"side": "right", "input_frame": "arm", "pose": {"position": [0.13962198407476725, 0.35886737912893296, 0.11958182119232492]}, "execute": true, "max_joint_step": 0.05, "step_dt": 0.08, "hold_s": 0.0}, "result": {"ok": false, "side": "right", "ik_success": false, "positions": {"joint_1": 1.5, "joint_2": -2.024697354925538, "joint_3": -0.5210381080242346, "joint_4": -1.4, "joint_5": 1.0906146081597319, "joint_6": 0.10191495537405948, "gripper": -0.21229113638401031}, "target_arm_pose": [[1.0, 0.0, 0.0, 0.13962198407476725], [0.0, 1.0, 0.0, 0.35886737912893296], [0.0, 0.0, 1.0, 0.11958182119232492], [0.0, 0.0, 0.0, 1.0]], "target_camera_pose": null, "transform": null, "error": "IK did not converge", "ik_info": {"backend": "mink", "solver": "daqp", "iterations": 80, "position_error_m": 0.04868714178200911, "task_position_error_m": 0.04902952561571996, "target_world_position": [0.13962198407476725, 0.12886737912893295, 0.11958182119232492], "reached_world_position": [0.1881896873175979, 0.1254606827163901, 0.11968378280551041]}}, "time_s": 1783703146.8800337}
