{
  "workspace": "/home/yanwen/research/agentic/loopmaster/_grasp_runs/capture_anygrasp_grasp_pose-20260711-022433-f1c8e8",
  "mode": "anygrasp",
  "rgb_path": "/home/yanwen/research/agentic/loopmaster/_grasp_runs/capture_anygrasp_grasp_pose-20260711-022433-f1c8e8/captures/d435_frame_000054_rgb.png",
  "depth_path": "/home/yanwen/research/agentic/loopmaster/_grasp_runs/capture_anygrasp_grasp_pose-20260711-022433-f1c8e8/captures/d435_frame_000054_depth.png",
  "debug_image_path": "/home/yanwen/research/agentic/loopmaster/_grasp_runs/capture_anygrasp_grasp_pose-20260711-022433-f1c8e8/top_grasp_debug.png",
  "extrinsics_path": "/home/yanwen/research/agentic/loopmaster/loopmaster_agentic/config/head_camera_extrinsics.json",
  "camera_to_object": [
    [
      -0.08158158510923386,
      0.996666669845581,
      -4.356568439334296e-08,
      0.03519723191857338
    ],
    [
      0.0,
      4.371138828673793e-08,
      1.0,
      0.06699559837579727
    ],
    [
      0.996666669845581,
      0.08158158510923386,
      -3.56604434870178e-09,
      0.3590134084224701
    ],
    [
      0.0,
      0.0,
      0.0,
      1.0
    ]
  ],
  "right_arm_grasp_pose": [
    [
      0.5689850601083893,
      -0.8223478626368942,
      3.5945967243539365e-08,
      0.17902500722685802
    ],
    [
      0.0,
      4.371138828673793e-08,
      1.0,
      0.3269955983757973
    ],
    [
      -0.8223478626368942,
      -0.5689850601083893,
      2.4871127193669156e-08,
      0.01148665204761612
    ],
    [
      0.0,
      0.0,
      0.0,
      1.0
    ]
  ],
  "right_arm_target_pose": [
    [
      1.0,
      0.0,
      0.0,
      0.17902500722685802
    ],
    [
      0.0,
      1.0,
      0.0,
      0.3269955983757973
    ],
    [
      0.0,
      0.0,
      1.0,
      0.1614866520476161
    ],
    [
      0.0,
      0.0,
      0.0,
      1.0
    ]
  ],
  "right_arm_target_z_offset_m": 0.15,
  "target_rotation": "fixed",
  "move_arm_ee_args": {
    "side": "right",
    "input_frame": "arm",
    "pose": {
      "position": [
        0.17902500722685802,
        0.3269955983757973,
        0.1614866520476161
      ]
    },
    "execute": false,
    "max_joint_step": 0.05,
    "step_dt": 0.08,
    "hold_s": 0.0,
    "orientation_cost": 0.1,
    "preserve_current_orientation": true
  },
  "arm_init_config": "/home/yanwen/research/agentic/loopmaster/loopmaster_agentic/config/arm_init_pose.json",
  "init_arm_positions": null,
  "init_arm_results": [],
  "move_arm_ee_result": {
    "ok": true,
    "side": "right",
    "executed": false,
    "ik_success": true,
    "positions": {
      "joint_1": 1.5,
      "joint_2": -1.9474486657936523,
      "joint_3": -0.6555769500907608,
      "joint_4": -1.2594809973367234,
      "joint_5": 1.4352700090682564,
      "joint_6": 0.03222302342952137,
      "gripper": 0.0
    },
    "action_sent": {},
    "trajectory": [],
    "target_arm_pose": [
      [
        0.9999999999730146,
        3.403357154380486e-10,
        -7.346411273533663e-06,
        0.17902500722685802
      ],
      [
        3.9430541239490695e-10,
        0.9999999949999995,
        9.99999998321997e-05,
        0.3269955983757973
      ],
      [
        7.346411270835179e-06,
        -9.999999983239795e-05,
        0.9999999949730146,
        0.1614866520476161
      ],
      [
        0.0,
        0.0,
        0.0,
        1.0
      ]
    ],
    "target_camera_pose": null,
    "transform": null,
    "ik_info": {
      "backend": "mink",
      "solver": "daqp",
      "iterations": 80,
      "position_error_m": 0.02618663631049034,
      "task_position_error_m": 0.026191219418652215,
      "orientation_cost": 0.1,
      "preserve_current_orientation": true,
      "target_world_position": [
        0.17902500722685802,
        0.09699559837579727,
        0.1614866520476161
      ],
      "reached_world_position": [
        0.20514589493979282,
        0.09514116935741362,
        0.1615021233733295
      ]
    },
    "orientation_cost": 0.1
  },
  "move_arm_ee_error": null,
  "post_move_arm_positions": null,
  "camera_params": {
    "source": "/home/yanwen/research/agentic/loopmaster/hei-rebot-lift/software/lerobot-hei-rebot-lift/src/lerobot/cameras/d435_intrinsics_640x480.json",
    "fx": 607.03662109375,
    "fy": 606.8038940429688,
    "cx": 316.76116943359375,
    "cy": 242.75991821289062,
    "depth_scale": 999.999952502551,
    "depth_scale_m": 0.0010000000474974513,
    "width": 640,
    "height": 480
  },
  "top_grasp": {
    "index": 0,
    "score": 0.09854505956172943,
    "width": 0.10000000149011612,
    "height": 0.029999999329447746,
    "depth": 0.019999999552965164,
    "translation": [
      0.03519723191857338,
      0.06699559837579727,
      0.3590134084224701
    ],
    "rotation_matrix": [
      [
        -0.08158158510923386,
        0.996666669845581,
        -4.356568439334296e-08
      ],
      [
        0.0,
        4.371138828673793e-08,
        1.0
      ],
      [
        0.996666669845581,
        0.08158158510923386,
        -3.56604434870178e-09
      ]
    ],
    "object_id": -1.0
  },
  "grounded_sam2_result": {
    "ok": true,
    "status": {
      "repo_root": "/home/yanwen/research/agentic/loopmaster/third_party/Grounded-SAM-2",
      "python": "/home/yanwen/research/agentic/loopmaster/.venv/bin/python",
      "dependencies": {
        "cv2": {
          "ok": true,
          "version": "5.0.0"
        },
        "numpy": {
          "ok": true,
          "version": "2.3.5"
        },
        "PIL": {
          "ok": true,
          "version": "12.3.0"
        },
        "torch": {
          "ok": true,
          "version": "2.11.0+cu128"
        },
        "supervision": {
          "ok": true,
          "version": "0.29.1"
        },
        "transformers": {
          "ok": true,
          "version": "5.13.0"
        },
        "pycocotools": {
          "ok": true,
          "version": ""
        }
      }
    },
    "image_path": "/home/yanwen/research/agentic/loopmaster/_grasp_runs/capture_anygrasp_grasp_pose-20260711-022433-f1c8e8/captures/d435_frame_000054_rgb.png",
    "text_prompt": "bread.",
    "output_dir": "/home/yanwen/research/agentic/loopmaster/_grasp_runs/capture_anygrasp_grasp_pose-20260711-022433-f1c8e8/grounded_sam2",
    "seg_mask_path": "/home/yanwen/research/agentic/loopmaster/_grasp_runs/capture_anygrasp_grasp_pose-20260711-022433-f1c8e8/grounded_sam2/seg_mask.png",
    "annotation_count": 1,
    "annotations": [
      {
        "label_id": 1,
        "class_name": "bread",
        "grounding_score": 0.45592519640922546,
        "sam_score": 0.984375,
        "bbox_xyxy": [
          303.52996826171875,
          235.58929443359375,
          447.9908752441406,
          421.9778747558594
        ],
        "mask_path": "/home/yanwen/research/agentic/loopmaster/_grasp_runs/capture_anygrasp_grasp_pose-20260711-022433-f1c8e8/grounded_sam2/mask_001.png",
        "area_pixels": 20392
      }
    ],
    "anygrasp_hint": {
      "seg_mask_path": "/home/yanwen/research/agentic/loopmaster/_grasp_runs/capture_anygrasp_grasp_pose-20260711-022433-f1c8e8/grounded_sam2/seg_mask.png",
      "region_object_id": 1
    }
  }
}