{"skill": "capture_image", "args": {"source": "d435_rgbd", "camera": "d435", "robot_ip": "192.168.31.22", "port": 6560, "topic": "d435_rgbd", "timeout_ms": 3000, "output_dir": "/home/yanwen/research/agentic/loopmaster/_grasp_runs/capture_anygrasp_grasp_pose-20260711-022433-f1c8e8/captures"}, "result": {"ok": true, "captured": true, "camera": "d435", "source": "d435_rgbd", "endpoint": "tcp://192.168.31.22:6560", "topic": "d435_rgbd", "metadata": {"topic": "d435_rgbd", "frame_id": 54, "timestamp_s": 1783707873.1417544, "color_encoding": "jpg_bgr8", "depth_encoding": "png_z16", "width": 640, "height": 480, "depth_scale_m": 0.0010000000474974513, "depth_unit": "uint16_raw_times_depth_scale_m", "aligned_depth_to_color": true, "jpeg_quality": 75, "publish_fps": 5.0}, "rgb": {"shape": [480, 640, 3], "dtype": "uint8", "path": "/home/yanwen/research/agentic/loopmaster/_grasp_runs/capture_anygrasp_grasp_pose-20260711-022433-f1c8e8/captures/d435_frame_000054_rgb.png"}, "depth": {"shape": [480, 640], "dtype": "uint16", "path": "/home/yanwen/research/agentic/loopmaster/_grasp_runs/capture_anygrasp_grasp_pose-20260711-022433-f1c8e8/captures/d435_frame_000054_depth.png", "depth_scale_m": 0.0010000000474974513, "valid_depth_pct": 89.214}, "age_ms": 34.642}, "time_s": 1783707873.1907656}
{"skill": "grounded_sam2", "args": {"text_prompt": "bread.", "img_path": "/home/yanwen/research/agentic/loopmaster/_grasp_runs/capture_anygrasp_grasp_pose-20260711-022433-f1c8e8/captures/d435_frame_000054_rgb.png", "output_dir": "/home/yanwen/research/agentic/loopmaster/_grasp_runs/capture_anygrasp_grasp_pose-20260711-022433-f1c8e8/grounded_sam2", "box_threshold": 0.4, "text_threshold": 0.3, "force_cpu": false}, "result": {"ok": true, "status": {"repo_root": "/home/yanwen/research/agentic/loopmaster/third_party/Grounded-SAM-2", "python": "/home/yanwen/research/agentic/loopmaster/.venv/bin/python", "dependencies": {"cv2": {"ok": true, "version": "5.0.0"}, "numpy": {"ok": true, "version": "2.3.5"}, "PIL": {"ok": true, "version": "12.3.0"}, "torch": {"ok": true, "version": "2.11.0+cu128"}, "supervision": {"ok": true, "version": "0.29.1"}, "transformers": {"ok": true, "version": "5.13.0"}, "pycocotools": {"ok": true, "version": ""}}}, "image_path": "/home/yanwen/research/agentic/loopmaster/_grasp_runs/capture_anygrasp_grasp_pose-20260711-022433-f1c8e8/captures/d435_frame_000054_rgb.png", "text_prompt": "bread.", "output_dir": "/home/yanwen/research/agentic/loopmaster/_grasp_runs/capture_anygrasp_grasp_pose-20260711-022433-f1c8e8/grounded_sam2", "seg_mask_path": "/home/yanwen/research/agentic/loopmaster/_grasp_runs/capture_anygrasp_grasp_pose-20260711-022433-f1c8e8/grounded_sam2/seg_mask.png", "annotation_count": 1, "annotations": [{"label_id": 1, "class_name": "bread", "grounding_score": 0.45592519640922546, "sam_score": 0.984375, "bbox_xyxy": [303.52996826171875, 235.58929443359375, 447.9908752441406, 421.9778747558594], "mask_path": "/home/yanwen/research/agentic/loopmaster/_grasp_runs/capture_anygrasp_grasp_pose-20260711-022433-f1c8e8/grounded_sam2/mask_001.png", "area_pixels": 20392}], "anygrasp_hint": {"seg_mask_path": "/home/yanwen/research/agentic/loopmaster/_grasp_runs/capture_anygrasp_grasp_pose-20260711-022433-f1c8e8/grounded_sam2/seg_mask.png", "region_object_id": 1}}, "time_s": 1783707890.9189951}
{"skill": "detect_grasps", "args": {"sdk_root": "/home/yanwen/research/agentic/loopmaster/third_party/anygrasp_sdk", "color_path": "/home/yanwen/research/agentic/loopmaster/_grasp_runs/capture_anygrasp_grasp_pose-20260711-022433-f1c8e8/captures/d435_frame_000054_rgb.png", "depth_path": "/home/yanwen/research/agentic/loopmaster/_grasp_runs/capture_anygrasp_grasp_pose-20260711-022433-f1c8e8/captures/d435_frame_000054_depth.png", "top_k": 5, "depth_scale": 999.999952502551, "depth_trunc": 1.0, "fx": 607.03662109375, "fy": 606.8038940429688, "cx": 316.76116943359375, "cy": 242.75991821289062, "seg_mask_path": "/home/yanwen/research/agentic/loopmaster/_grasp_runs/capture_anygrasp_grasp_pose-20260711-022433-f1c8e8/grounded_sam2/seg_mask.png", "region_object_id": 1}, "result": {"ok": true, "status": {"sdk_root": "/home/yanwen/research/agentic/loopmaster/third_party/anygrasp_sdk", "detection_dir": "/home/yanwen/research/agentic/loopmaster/third_party/anygrasp_sdk/grasp_detection", "gsnet_so": "/home/yanwen/research/agentic/loopmaster/third_party/anygrasp_sdk/grasp_detection/gsnet.so", "license_dir": "/home/yanwen/research/agentic/loopmaster/third_party/anygrasp_sdk/grasp_detection/license", "checkpoint_path": "/home/yanwen/research/agentic/loopmaster/third_party/anygrasp_sdk/grasp_detection/log/checkpoint_detection.tar", "python": "/home/yanwen/research/agentic/loopmaster/.venv/bin/python", "feature_id": "N61993323658455566014", "license_ok": true, "checkpoint_exists": true, "dependencies": {"numpy": {"ok": true, "version": "2.3.5"}, "PIL": {"ok": true, "version": "12.3.0"}, "torch": {"ok": true, "version": "2.11.0+cu128"}, "open3d": {"ok": true, "version": "0.19.0"}, "MinkowskiEngine": {"ok": true, "version": "0.5.4"}, "graspnetAPI": {"ok": true, "version": "1.2.11"}, "pointnet2": {"ok": true, "version": ""}, "gsnet": {"ok": true, "version": ""}}}, "source": {"type": "rgbd", "data_dir": "/home/yanwen/research/agentic/loopmaster/third_party/anygrasp_sdk/grasp_detection/example_data", "color_path": "/home/yanwen/research/agentic/loopmaster/_grasp_runs/capture_anygrasp_grasp_pose-20260711-022433-f1c8e8/captures/d435_frame_000054_rgb.png", "depth_path": "/home/yanwen/research/agentic/loopmaster/_grasp_runs/capture_anygrasp_grasp_pose-20260711-022433-f1c8e8/captures/d435_frame_000054_depth.png", "seg_mask_path": "/home/yanwen/research/agentic/loopmaster/_grasp_runs/capture_anygrasp_grasp_pose-20260711-022433-f1c8e8/grounded_sam2/seg_mask.png", "region_mask_path": "", "region_point_count": 19222, "region_point_fraction": 0.13235375123939627}, "point_count": 145232, "grasp_count": 29, "top_k": 5, "grasps": [{"index": 0, "score": 0.09854505956172943, "width": 0.10000000149011612, "height": 0.029999999329447746, "depth": 0.019999999552965164, "translation": [0.03519723191857338, 0.06699559837579727, 0.3590134084224701], "rotation_matrix": [[-0.08158158510923386, 0.996666669845581, -4.356568439334296e-08], [0.0, 4.371138828673793e-08, 1.0], [0.996666669845581, 0.08158158510923386, -3.56604434870178e-09]], "object_id": -1.0}, {"index": 1, "score": 0.081271693110466, "width": 0.07501604408025742, "height": 0.029999999329447746, "depth": 0.029999999329447746, "translation": [0.05066273361444473, 0.05919777229428291, 0.3587357997894287], "rotation_matrix": [[-0.6358653903007507, 0.7673709392547607, -0.08256512880325317], [-0.05268014967441559, 0.06357516348361969, 0.9965856671333313], [0.7699999809265137, 0.6380438804626465, -2.788978292755928e-08]], "object_id": -1.0}, {"index": 2, "score": 0.04538777843117714, "width": 0.029683349654078484, "height": 0.029999999329447746, "depth": 0.004999999888241291, "translation": [0.05027271807193756, 0.015874763950705528, 0.3922204375267029], "rotation_matrix": [[-0.4039187729358673, 0.04196295142173767, 0.913831889629364], [0.9089399576187134, -0.09442927688360214, 0.40609267354011536], [0.10333333164453506, 0.9946467876434326, -4.347739235299741e-08]], "object_id": -1.0}, {"index": 3, "score": 0.04201078042387962, "width": 0.027770398184657097, "height": 0.029999999329447746, "depth": 0.029999999329447746, "translation": [0.002332002390176058, 0.07066214829683304, 0.3537079393863678], "rotation_matrix": [[0.9544845819473267, -0.28922969102859497, 0.07283804565668106], [0.06970793753862381, -0.021123070269823074, -0.9973437786102295], [0.28999999165534973, 0.9570266604423523, -4.183296553605942e-08]], "object_id": -1.0}, {"index": 4, "score": 0.04168757051229477, "width": 0.06057670712471008, "height": 0.029999999329447746, "depth": 0.029999999329447746, "translation": [0.0703672394156456, 0.020715415477752686, 0.3964445888996124], "rotation_matrix": [[-0.8310784101486206, -0.5191491842269897, 0.19948138296604156], [0.5517324209213257, -0.8147545456886292, 0.17823083698749542], [0.07000000029802322, 0.25818413496017456, 0.9635562896728516]], "object_id": -1.0}]}, "time_s": 1783707897.3515575}
{"skill": "move_arm_ee", "args": {"side": "right", "input_frame": "arm", "pose": {"position": [0.17902500722685802, 0.3269955983757973, 0.1614866520476161]}, "execute": false, "max_joint_step": 0.05, "step_dt": 0.08, "hold_s": 0.0, "orientation_cost": 0.1, "preserve_current_orientation": true}, "result": {"ok": true, "side": "right", "executed": false, "ik_success": true, "positions": {"joint_1": 1.5, "joint_2": -1.9474486657936523, "joint_3": -0.6555769500907608, "joint_4": -1.2594809973367234, "joint_5": 1.4352700090682564, "joint_6": 0.03222302342952137, "gripper": 0.0}, "action_sent": {}, "trajectory": [], "target_arm_pose": [[0.9999999999730146, 3.403357154380486e-10, -7.346411273533663e-06, 0.17902500722685802], [3.9430541239490695e-10, 0.9999999949999995, 9.99999998321997e-05, 0.3269955983757973], [7.346411270835179e-06, -9.999999983239795e-05, 0.9999999949730146, 0.1614866520476161], [0.0, 0.0, 0.0, 1.0]], "target_camera_pose": null, "transform": null, "ik_info": {"backend": "mink", "solver": "daqp", "iterations": 80, "position_error_m": 0.02618663631049034, "task_position_error_m": 0.026191219418652215, "orientation_cost": 0.1, "preserve_current_orientation": true, "target_world_position": [0.17902500722685802, 0.09699559837579727, 0.1614866520476161], "reached_world_position": [0.20514589493979282, 0.09514116935741362, 0.1615021233733295]}, "orientation_cost": 0.1}, "time_s": 1783707899.7425697}
