{
  "workspace": "/home/yanwen/research/agentic/loopmaster/_grasp_runs/capture_anygrasp_grasp_pose-20260711-005218-8bdd7e",
  "rgb_path": "/home/yanwen/research/agentic/loopmaster/_grasp_runs/capture_anygrasp_grasp_pose-20260711-005218-8bdd7e/captures/d435_frame_049134_rgb.png",
  "depth_path": "/home/yanwen/research/agentic/loopmaster/_grasp_runs/capture_anygrasp_grasp_pose-20260711-005218-8bdd7e/captures/d435_frame_049134_depth.png",
  "debug_image_path": "/home/yanwen/research/agentic/loopmaster/_grasp_runs/capture_anygrasp_grasp_pose-20260711-005218-8bdd7e/top_grasp_debug.png",
  "extrinsics_path": "/home/yanwen/research/agentic/loopmaster/loopmaster_agentic/config/head_camera_extrinsics.json",
  "camera_to_object": [
    [
      0.07559296488761902,
      -0.2483547329902649,
      0.9657150506973267,
      0.01843520626425743
    ],
    [
      0.2812020480632782,
      -0.923867404460907,
      -0.259604275226593,
      0.10044234991073608
    ],
    [
      0.9566666483879089,
      0.29118531942367554,
      -1.272811456232148e-08,
      0.2935313880443573
    ],
    [
      0.0,
      0.0,
      0.0,
      1.0
    ]
  ],
  "right_arm_grasp_pose": [
    [
      0.4128678962538913,
      0.3606741676315084,
      -0.8363337730849192,
      0.1608003370733257
    ],
    [
      0.2812020480632782,
      -0.923867404460907,
      -0.259604275226593,
      0.3604423499107361
    ],
    [
      -0.8662941029010539,
      -0.1279965173348569,
      -0.48285751432579277,
      0.07657675801335007
    ],
    [
      0.0,
      0.0,
      0.0,
      1.0
    ]
  ],
  "right_arm_target_pose": [
    [
      0.4128678962538913,
      0.3606741676315084,
      -0.8363337730849192,
      0.1608003370733257
    ],
    [
      0.2812020480632782,
      -0.923867404460907,
      -0.259604275226593,
      0.3604423499107361
    ],
    [
      -0.8662941029010539,
      -0.1279965173348569,
      -0.48285751432579277,
      0.12657675801335005
    ],
    [
      0.0,
      0.0,
      0.0,
      1.0
    ]
  ],
  "right_arm_target_z_offset_m": 0.05,
  "move_arm_ee_args": {
    "side": "right",
    "input_frame": "arm",
    "pose": {
      "matrix": [
        [
          0.4128678962538913,
          0.3606741676315084,
          -0.8363337730849192,
          0.1608003370733257
        ],
        [
          0.2812020480632782,
          -0.923867404460907,
          -0.259604275226593,
          0.3604423499107361
        ],
        [
          -0.8662941029010539,
          -0.1279965173348569,
          -0.48285751432579277,
          0.12657675801335005
        ],
        [
          0.0,
          0.0,
          0.0,
          1.0
        ]
      ]
    },
    "execute": true
  },
  "move_arm_ee_result": {
    "ok": true,
    "side": "right",
    "executed": true,
    "ik_success": true,
    "positions": {
      "joint_1": 1.0474659856818003,
      "joint_2": -1.5844087448956712,
      "joint_3": -1.164969515365756,
      "joint_4": 0.6393026434569216,
      "joint_5": -0.1245853090216187,
      "joint_6": 3.14,
      "gripper": -0.2618829607963562
    },
    "action_sent": {
      "right_joint_1.pos": 1.0474660396575928,
      "right_joint_2.pos": -1.5844087600708008,
      "right_joint_3.pos": -1.164969563484192,
      "right_joint_4.pos": 0.639302670955658,
      "right_joint_5.pos": -0.12458530813455582,
      "right_joint_6.pos": 3.140000104904175,
      "right_gripper.pos": -0.2618829607963562,
      "left_joint_1.pos": 0.0,
      "left_joint_2.pos": 0.0,
      "left_joint_3.pos": 0.0,
      "left_joint_4.pos": 0.0,
      "left_joint_5.pos": 0.0,
      "left_joint_6.pos": 0.0,
      "left_gripper.pos": 0.0,
      "x.vel": 0.0,
      "y.vel": 0.0,
      "theta.vel": 0.0,
      "height.pos": 0.0
    },
    "target_arm_pose": [
      [
        0.4128678962538913,
        0.3606741676315084,
        -0.8363337730849192,
        0.1608003370733257
      ],
      [
        0.2812020480632782,
        -0.923867404460907,
        -0.259604275226593,
        0.3604423499107361
      ],
      [
        -0.8662941029010539,
        -0.1279965173348569,
        -0.48285751432579277,
        0.12657675801335005
      ],
      [
        0.0,
        0.0,
        0.0,
        1.0
      ]
    ],
    "target_camera_pose": null,
    "transform": null,
    "ik_info": {
      "backend": "mink",
      "solver": "daqp",
      "iterations": 80,
      "position_error_m": 0.017996294012675967,
      "task_position_error_m": 0.018410710234210724,
      "target_world_position": [
        0.1608003370733257,
        0.13044234991073608,
        0.12657675801335005
      ],
      "reached_world_position": [
        0.17638141720362036,
        0.12143698987350982,
        0.12657121148813602
      ]
    }
  },
  "move_arm_ee_error": null,
  "post_move_arm_positions": {
    "right_joint_1.pos": 0.9466315507888794,
    "right_joint_2.pos": -1.422713041305542,
    "right_joint_3.pos": -1.0538262128829956,
    "right_joint_4.pos": 0.6330586671829224,
    "right_joint_5.pos": -0.12722209095954895,
    "right_joint_6.pos": 2.335965633392334,
    "right_gripper.pos": -0.2618829607963562
  },
  "camera_params": {
    "source": "/home/yanwen/research/agentic/loopmaster/hei-rebot-lift/software/lerobot-hei-rebot-lift/src/lerobot/cameras/d435_intrinsics_640x480.json",
    "fx": 607.03662109375,
    "fy": 606.8038940429688,
    "cx": 316.76116943359375,
    "cy": 242.75991821289062,
    "depth_scale": 999.999952502551,
    "depth_scale_m": 0.0010000000474974513,
    "width": 640,
    "height": 480
  },
  "top_grasp": {
    "index": 0,
    "score": 0.3094426095485687,
    "width": 0.04919988662004471,
    "height": 0.029999999329447746,
    "depth": 0.019999999552965164,
    "translation": [
      0.01843520626425743,
      0.10044234991073608,
      0.2935313880443573
    ],
    "rotation_matrix": [
      [
        0.07559296488761902,
        -0.2483547329902649,
        0.9657150506973267
      ],
      [
        0.2812020480632782,
        -0.923867404460907,
        -0.259604275226593
      ],
      [
        0.9566666483879089,
        0.29118531942367554,
        -1.272811456232148e-08
      ]
    ],
    "object_id": -1.0
  }
}