{"skill": "capture_image", "args": {"source": "d435_rgbd", "camera": "d435", "robot_ip": "192.168.31.22", "port": 6560, "topic": "d435_rgbd", "timeout_ms": 3000, "output_dir": "/home/yanwen/research/agentic/loopmaster/_grasp_runs/capture_anygrasp_grasp_pose-20260711-005218-8bdd7e/captures"}, "result": {"ok": true, "captured": true, "camera": "d435", "source": "d435_rgbd", "endpoint": "tcp://192.168.31.22:6560", "topic": "d435_rgbd", "metadata": {"topic": "d435_rgbd", "frame_id": 49134, "timestamp_s": 1783702339.0515206, "color_encoding": "jpg_bgr8", "depth_encoding": "png_z16", "width": 640, "height": 480, "depth_scale_m": 0.0010000000474974513, "depth_unit": "uint16_raw_times_depth_scale_m", "aligned_depth_to_color": true, "jpeg_quality": 75, "publish_fps": 5.0}, "rgb": {"shape": [480, 640, 3], "dtype": "uint8", "path": "/home/yanwen/research/agentic/loopmaster/_grasp_runs/capture_anygrasp_grasp_pose-20260711-005218-8bdd7e/captures/d435_frame_049134_rgb.png"}, "depth": {"shape": [480, 640], "dtype": "uint16", "path": "/home/yanwen/research/agentic/loopmaster/_grasp_runs/capture_anygrasp_grasp_pose-20260711-005218-8bdd7e/captures/d435_frame_049134_depth.png", "depth_scale_m": 0.0010000000474974513, "valid_depth_pct": 88.135}, "age_ms": 43.581}, "time_s": 1783702339.1049}
{"skill": "detect_grasps", "args": {"sdk_root": "/home/yanwen/research/agentic/loopmaster/third_party/anygrasp_sdk", "color_path": "/home/yanwen/research/agentic/loopmaster/_grasp_runs/capture_anygrasp_grasp_pose-20260711-005218-8bdd7e/captures/d435_frame_049134_rgb.png", "depth_path": "/home/yanwen/research/agentic/loopmaster/_grasp_runs/capture_anygrasp_grasp_pose-20260711-005218-8bdd7e/captures/d435_frame_049134_depth.png", "top_k": 5, "depth_scale": 999.999952502551, "depth_trunc": 1.0, "fx": 607.03662109375, "fy": 606.8038940429688, "cx": 316.76116943359375, "cy": 242.75991821289062}, "result": {"ok": true, "status": {"sdk_root": "/home/yanwen/research/agentic/loopmaster/third_party/anygrasp_sdk", "detection_dir": "/home/yanwen/research/agentic/loopmaster/third_party/anygrasp_sdk/grasp_detection", "gsnet_so": "/home/yanwen/research/agentic/loopmaster/third_party/anygrasp_sdk/grasp_detection/gsnet.so", "license_dir": "/home/yanwen/research/agentic/loopmaster/third_party/anygrasp_sdk/grasp_detection/license", "checkpoint_path": "/home/yanwen/research/agentic/loopmaster/third_party/anygrasp_sdk/grasp_detection/log/checkpoint_detection.tar", "python": "/home/yanwen/research/agentic/loopmaster/.venv/bin/python", "feature_id": "N61993323658455566014", "license_ok": true, "checkpoint_exists": true, "dependencies": {"numpy": {"ok": true, "version": "2.3.5"}, "PIL": {"ok": true, "version": "12.3.0"}, "torch": {"ok": true, "version": "2.11.0+cu128"}, "open3d": {"ok": true, "version": "0.19.0"}, "MinkowskiEngine": {"ok": true, "version": "0.5.4"}, "graspnetAPI": {"ok": true, "version": "1.2.11"}, "pointnet2": {"ok": true, "version": ""}, "gsnet": {"ok": true, "version": ""}}}, "source": {"type": "rgbd", "data_dir": "/home/yanwen/research/agentic/loopmaster/third_party/anygrasp_sdk/grasp_detection/example_data", "color_path": "/home/yanwen/research/agentic/loopmaster/_grasp_runs/capture_anygrasp_grasp_pose-20260711-005218-8bdd7e/captures/d435_frame_049134_rgb.png", "depth_path": "/home/yanwen/research/agentic/loopmaster/_grasp_runs/capture_anygrasp_grasp_pose-20260711-005218-8bdd7e/captures/d435_frame_049134_depth.png", "seg_mask_path": "", "region_mask_path": ""}, "point_count": 152138, "grasp_count": 122, "top_k": 5, "grasps": [{"index": 0, "score": 0.3094426095485687, "width": 0.04919988662004471, "height": 0.029999999329447746, "depth": 0.019999999552965164, "translation": [0.01843520626425743, 0.10044234991073608, 0.2935313880443573], "rotation_matrix": [[0.07559296488761902, -0.2483547329902649, 0.9657150506973267], [0.2812020480632782, -0.923867404460907, -0.259604275226593], [0.9566666483879089, 0.29118531942367554, -1.272811456232148e-08]], "object_id": -1.0}, {"index": 1, "score": 0.30594876408576965, "width": 0.07421905547380447, "height": 0.029999999329447746, "depth": 0.029999999329447746, "translation": [0.11164136976003647, -0.09678255021572113, 0.3570000231266022], "rotation_matrix": [[0.12232581526041031, -0.9838520288467407, -0.13065801560878754], [0.6724109053611755, 0.17898356914520264, -0.7182120084762573], [0.7300000190734863, 0.0, 0.6834471821784973]], "object_id": -1.0}, {"index": 2, "score": 0.2844448387622833, "width": 0.08802404999732971, "height": 0.029999999329447746, "depth": 0.029999999329447746, "translation": [0.10734142363071442, -0.06399888545274734, 0.3542167842388153], "rotation_matrix": [[0.3237262964248657, -0.8658037185668945, 0.3815564215183258], [0.13362950086593628, -0.3573911786079407, -0.9243456125259399], [0.9366666674613953, 0.3502221703529358, -1.530869653265654e-08]], "object_id": -1.0}, {"index": 3, "score": 0.278822660446167, "width": 0.09929242730140686, "height": 0.029999999329447746, "depth": 0.029999999329447746, "translation": [0.10955461859703064, -0.037478189915418625, 0.3790000081062317], "rotation_matrix": [[0.14391817152500153, 0.8874484300613403, -0.4378616511821747], [-0.2771056890487671, 0.4609070122241974, 0.8430759906768799], [0.949999988079071, 0.0, 0.31224989891052246]], "object_id": -1.0}, {"index": 4, "score": 0.26916664838790894, "width": 0.07491995394229889, "height": 0.029999999329447746, "depth": 0.029999999329447746, "translation": [0.12708444893360138, -0.09463513642549515, 0.3570000231266022], "rotation_matrix": [[-0.27048853039741516, -0.9261959195137024, 0.2626730799674988], [0.6644483208656311, -0.37704265117645264, -0.6452498435974121], [0.6966667175292969, 0.0, 0.717395007610321]], "object_id": -1.0}]}, "time_s": 1783702344.3035705}
{"skill": "move_arm_ee", "args": {"side": "right", "input_frame": "arm", "pose": {"matrix": [[0.4128678962538913, 0.3606741676315084, -0.8363337730849192, 0.1608003370733257], [0.2812020480632782, -0.923867404460907, -0.259604275226593, 0.3604423499107361], [-0.8662941029010539, -0.1279965173348569, -0.48285751432579277, 0.12657675801335005], [0.0, 0.0, 0.0, 1.0]]}, "execute": true}, "result": {"ok": true, "side": "right", "executed": true, "ik_success": true, "positions": {"joint_1": 1.0474659856818003, "joint_2": -1.5844087448956712, "joint_3": -1.164969515365756, "joint_4": 0.6393026434569216, "joint_5": -0.1245853090216187, "joint_6": 3.14, "gripper": -0.2618829607963562}, "action_sent": {"right_joint_1.pos": 1.0474660396575928, "right_joint_2.pos": -1.5844087600708008, "right_joint_3.pos": -1.164969563484192, "right_joint_4.pos": 0.639302670955658, "right_joint_5.pos": -0.12458530813455582, "right_joint_6.pos": 3.140000104904175, "right_gripper.pos": -0.2618829607963562, "left_joint_1.pos": 0.0, "left_joint_2.pos": 0.0, "left_joint_3.pos": 0.0, "left_joint_4.pos": 0.0, "left_joint_5.pos": 0.0, "left_joint_6.pos": 0.0, "left_gripper.pos": 0.0, "x.vel": 0.0, "y.vel": 0.0, "theta.vel": 0.0, "height.pos": 0.0}, "target_arm_pose": [[0.4128678962538913, 0.3606741676315084, -0.8363337730849192, 0.1608003370733257], [0.2812020480632782, -0.923867404460907, -0.259604275226593, 0.3604423499107361], [-0.8662941029010539, -0.1279965173348569, -0.48285751432579277, 0.12657675801335005], [0.0, 0.0, 0.0, 1.0]], "target_camera_pose": null, "transform": null, "ik_info": {"backend": "mink", "solver": "daqp", "iterations": 80, "position_error_m": 0.017996294012675967, "task_position_error_m": 0.018410710234210724, "target_world_position": [0.1608003370733257, 0.13044234991073608, 0.12657675801335005], "reached_world_position": [0.17638141720362036, 0.12143698987350982, 0.12657121148813602]}}, "time_s": 1783702346.7933736}
