{"skill": "capture_image", "args": {"source": "d435_rgbd", "camera": "d435", "robot_ip": "192.168.31.22", "port": 6560, "topic": "d435_rgbd", "timeout_ms": 3000, "output_dir": "/home/yanwen/research/agentic/loopmaster/_grasp_runs/capture_anygrasp_grasp_pose-20260711-004744-33cc22/captures"}, "result": {"ok": true, "captured": true, "camera": "d435", "source": "d435_rgbd", "endpoint": "tcp://192.168.31.22:6560", "topic": "d435_rgbd", "metadata": {"topic": "d435_rgbd", "frame_id": 47877, "timestamp_s": 1783702064.985346, "color_encoding": "jpg_bgr8", "depth_encoding": "png_z16", "width": 640, "height": 480, "depth_scale_m": 0.0010000000474974513, "depth_unit": "uint16_raw_times_depth_scale_m", "aligned_depth_to_color": true, "jpeg_quality": 75, "publish_fps": 5.0}, "rgb": {"shape": [480, 640, 3], "dtype": "uint8", "path": "/home/yanwen/research/agentic/loopmaster/_grasp_runs/capture_anygrasp_grasp_pose-20260711-004744-33cc22/captures/d435_frame_047877_rgb.png"}, "depth": {"shape": [480, 640], "dtype": "uint16", "path": "/home/yanwen/research/agentic/loopmaster/_grasp_runs/capture_anygrasp_grasp_pose-20260711-004744-33cc22/captures/d435_frame_047877_depth.png", "depth_scale_m": 0.0010000000474974513, "valid_depth_pct": 91.146}, "age_ms": 37.863}, "time_s": 1783702065.0328734}
{"skill": "detect_grasps", "args": {"sdk_root": "/home/yanwen/research/agentic/loopmaster/third_party/anygrasp_sdk", "color_path": "/home/yanwen/research/agentic/loopmaster/_grasp_runs/capture_anygrasp_grasp_pose-20260711-004744-33cc22/captures/d435_frame_047877_rgb.png", "depth_path": "/home/yanwen/research/agentic/loopmaster/_grasp_runs/capture_anygrasp_grasp_pose-20260711-004744-33cc22/captures/d435_frame_047877_depth.png", "top_k": 5, "depth_scale": 999.999952502551, "depth_trunc": 1.0, "fx": 607.03662109375, "fy": 606.8038940429688, "cx": 316.76116943359375, "cy": 242.75991821289062}, "result": {"ok": true, "status": {"sdk_root": "/home/yanwen/research/agentic/loopmaster/third_party/anygrasp_sdk", "detection_dir": "/home/yanwen/research/agentic/loopmaster/third_party/anygrasp_sdk/grasp_detection", "gsnet_so": "/home/yanwen/research/agentic/loopmaster/third_party/anygrasp_sdk/grasp_detection/gsnet.so", "license_dir": "/home/yanwen/research/agentic/loopmaster/third_party/anygrasp_sdk/grasp_detection/license", "checkpoint_path": "/home/yanwen/research/agentic/loopmaster/third_party/anygrasp_sdk/grasp_detection/log/checkpoint_detection.tar", "python": "/home/yanwen/research/agentic/loopmaster/.venv/bin/python", "feature_id": "N61993323658455566014", "license_ok": true, "checkpoint_exists": true, "dependencies": {"numpy": {"ok": true, "version": "2.3.5"}, "PIL": {"ok": true, "version": "12.3.0"}, "torch": {"ok": true, "version": "2.11.0+cu128"}, "open3d": {"ok": true, "version": "0.19.0"}, "MinkowskiEngine": {"ok": true, "version": "0.5.4"}, "graspnetAPI": {"ok": true, "version": "1.2.11"}, "pointnet2": {"ok": true, "version": ""}, "gsnet": {"ok": true, "version": ""}}}, "source": {"type": "rgbd", "data_dir": "/home/yanwen/research/agentic/loopmaster/third_party/anygrasp_sdk/grasp_detection/example_data", "color_path": "/home/yanwen/research/agentic/loopmaster/_grasp_runs/capture_anygrasp_grasp_pose-20260711-004744-33cc22/captures/d435_frame_047877_rgb.png", "depth_path": "/home/yanwen/research/agentic/loopmaster/_grasp_runs/capture_anygrasp_grasp_pose-20260711-004744-33cc22/captures/d435_frame_047877_depth.png", "seg_mask_path": "", "region_mask_path": ""}, "point_count": 150220, "grasp_count": 109, "top_k": 5, "grasps": [{"index": 0, "score": 0.32812944054603577, "width": 0.05328631028532982, "height": 0.029999999329447746, "depth": 0.019999999552965164, "translation": [0.02803758718073368, 0.09964529424905777, 0.29362988471984863], "rotation_matrix": [[0.07559296488761902, -0.2483547329902649, 0.9657150506973267], [0.2812020480632782, -0.923867404460907, -0.259604275226593], [0.9566666483879089, 0.29118531942367554, -1.272811456232148e-08]], "object_id": -1.0}, {"index": 1, "score": 0.3011041581630707, "width": 0.0926438644528389, "height": 0.029999999329447746, "depth": 0.029999999329447746, "translation": [0.16074801981449127, 0.015431790612637997, 0.37063881754875183], "rotation_matrix": [[-0.08158158510923386, 0.996666669845581, -4.356568439334296e-08], [0.0, 4.371138828673793e-08, 1.0], [0.996666669845581, 0.08158158510923386, -3.56604434870178e-09]], "object_id": -1.0}, {"index": 2, "score": 0.2745313048362732, "width": 0.04049970582127571, "height": 0.029999999329447746, "depth": 0.029999999329447746, "translation": [0.006723386235535145, 0.09888828545808792, 0.2904052138328552], "rotation_matrix": [[0.5844549536705017, 0.046823158860206604, 0.8100740909576416], [0.1540604531764984, -0.9865776896476746, -0.05412676930427551], [0.79666668176651, 0.156435027718544, -0.5838238000869751]], "object_id": -1.0}, {"index": 3, "score": 0.27010074257850647, "width": 0.10000000149011612, "height": 0.029999999329447746, "depth": 0.029999999329447746, "translation": [0.15509237349033356, 0.015612111426889896, 0.3740799129009247], "rotation_matrix": [[0.23938868939876556, -0.9551721215248108, -0.17418190836906433], [-0.04234448820352554, 0.168956458568573, -0.9847134947776794], [0.9700000286102295, 0.24310491979122162, -1.0626453494921861e-08]], "object_id": -1.0}, {"index": 4, "score": 0.26631659269332886, "width": 0.03756001591682434, "height": 0.029999999329447746, "depth": 0.019999999552965164, "translation": [0.010540260002017021, 0.09976237267255783, 0.289000004529953], "rotation_matrix": [[0.4683450758457184, -0.04131782799959183, -0.88257896900177], [0.019367540255188942, 0.999146044254303, -0.036497414112091064], [0.8833333253860474, 0.0, 0.4687453508377075]], "object_id": -1.0}]}, "time_s": 1783702070.445211}
{"skill": "move_arm_ee", "args": {"side": "right", "input_frame": "arm", "pose": {"matrix": [[0.4128678962538913, 0.3606741676315084, -0.8363337730849192, 0.15253367960058803], [0.2812020480632782, -0.923867404460907, -0.259604275226593, 0.3596452942490578], [-0.8662941029010539, -0.1279965173348569, -0.48285751432579277, 0.12169026693194814], [0.0, 0.0, 0.0, 1.0]]}, "execute": true}, "result": {"ok": true, "side": "right", "executed": true, "ik_success": true, "positions": {"joint_1": 1.0610112020051767, "joint_2": -1.5741585273456733, "joint_3": -1.1350648783372392, "joint_4": 0.6215130408924574, "joint_5": -0.12978906233790694, "joint_6": 3.14, "gripper": -0.15506981313228607}, "action_sent": {"right_joint_1.pos": 1.0610111951828003, "right_joint_2.pos": -1.5741585493087769, "right_joint_3.pos": -1.1350648403167725, "right_joint_4.pos": 0.6215130686759949, "right_joint_5.pos": -0.1297890692949295, "right_joint_6.pos": 3.140000104904175, "right_gripper.pos": -0.15506981313228607, "left_joint_1.pos": 0.0, "left_joint_2.pos": 0.0, "left_joint_3.pos": 0.0, "left_joint_4.pos": 0.0, "left_joint_5.pos": 0.0, "left_joint_6.pos": 0.0, "left_gripper.pos": 0.0, "x.vel": 0.0, "y.vel": 0.0, "theta.vel": 0.0, "height.pos": 0.0}, "target_arm_pose": [[0.4128678962538913, 0.3606741676315084, -0.8363337730849192, 0.15253367960058803], [0.2812020480632782, -0.923867404460907, -0.259604275226593, 0.3596452942490578], [-0.8662941029010539, -0.1279965173348569, -0.48285751432579277, 0.12169026693194814], [0.0, 0.0, 0.0, 1.0]], "target_camera_pose": null, "transform": null, "ik_info": {"backend": "mink", "solver": "daqp", "iterations": 80, "position_error_m": 0.018554748252951066, "task_position_error_m": 0.019001035431406566, "target_world_position": [0.15253367960058803, 0.12964529424905777, 0.12169026693194814], "reached_world_position": [0.16872430273821226, 0.12058204957118855, 0.1216892398522236]}}, "time_s": 1783702072.91741}
