{"skill": "capture_image", "args": {"source": "d435_rgbd", "camera": "d435", "robot_ip": "192.168.31.22", "port": 6560, "topic": "d435_rgbd", "timeout_ms": 3000, "output_dir": "/home/yanwen/research/agentic/loopmaster/_grasp_runs/capture_anygrasp_grasp_pose-20260711-023720-b2ed62/captures"}, "result": {"ok": true, "captured": true, "camera": "d435", "source": "d435_rgbd", "endpoint": "tcp://192.168.31.22:6560", "topic": "d435_rgbd", "metadata": {"topic": "d435_rgbd", "frame_id": 3579, "timestamp_s": 1783708640.2447655, "color_encoding": "jpg_bgr8", "depth_encoding": "png_z16", "width": 640, "height": 480, "depth_scale_m": 0.0010000000474974513, "depth_unit": "uint16_raw_times_depth_scale_m", "aligned_depth_to_color": true, "jpeg_quality": 75, "publish_fps": 5.0}, "rgb": {"shape": [480, 640, 3], "dtype": "uint8", "path": "/home/yanwen/research/agentic/loopmaster/_grasp_runs/capture_anygrasp_grasp_pose-20260711-023720-b2ed62/captures/d435_frame_003579_rgb.png"}, "depth": {"shape": [480, 640], "dtype": "uint16", "path": "/home/yanwen/research/agentic/loopmaster/_grasp_runs/capture_anygrasp_grasp_pose-20260711-023720-b2ed62/captures/d435_frame_003579_depth.png", "depth_scale_m": 0.0010000000474974513, "valid_depth_pct": 89.851}, "age_ms": 27.293}, "time_s": 1783708640.2854323}
{"skill": "grounded_sam2", "args": {"text_prompt": "yellow bread.", "img_path": "/home/yanwen/research/agentic/loopmaster/_grasp_runs/capture_anygrasp_grasp_pose-20260711-023720-b2ed62/captures/d435_frame_003579_rgb.png", "output_dir": "/home/yanwen/research/agentic/loopmaster/_grasp_runs/capture_anygrasp_grasp_pose-20260711-023720-b2ed62/grounded_sam2", "box_threshold": 0.4, "text_threshold": 0.3, "force_cpu": false, "local_files_only": true}, "result": {"ok": true, "status": {"repo_root": "/home/yanwen/research/agentic/loopmaster/third_party/Grounded-SAM-2", "python": "/home/yanwen/research/agentic/loopmaster/.venv/bin/python", "dependencies": {"cv2": {"ok": true, "version": "5.0.0"}, "numpy": {"ok": true, "version": "2.3.5"}, "PIL": {"ok": true, "version": "12.3.0"}, "torch": {"ok": true, "version": "2.11.0+cu128"}, "supervision": {"ok": true, "version": "0.29.1"}, "transformers": {"ok": true, "version": "5.13.0"}, "pycocotools": {"ok": true, "version": ""}}}, "image_path": "/home/yanwen/research/agentic/loopmaster/_grasp_runs/capture_anygrasp_grasp_pose-20260711-023720-b2ed62/captures/d435_frame_003579_rgb.png", "text_prompt": "yellow bread.", "output_dir": "/home/yanwen/research/agentic/loopmaster/_grasp_runs/capture_anygrasp_grasp_pose-20260711-023720-b2ed62/grounded_sam2", "seg_mask_path": "/home/yanwen/research/agentic/loopmaster/_grasp_runs/capture_anygrasp_grasp_pose-20260711-023720-b2ed62/grounded_sam2/seg_mask.png", "annotation_count": 1, "annotations": [{"label_id": 1, "class_name": "yellow bread", "grounding_score": 0.4685474932193756, "sam_score": 0.9375, "bbox_xyxy": [174.92706298828125, 158.35549926757812, 239.92343139648438, 209.63006591796875], "mask_path": "/home/yanwen/research/agentic/loopmaster/_grasp_runs/capture_anygrasp_grasp_pose-20260711-023720-b2ed62/grounded_sam2/mask_001.png", "area_pixels": 2230}], "anygrasp_hint": {"seg_mask_path": "/home/yanwen/research/agentic/loopmaster/_grasp_runs/capture_anygrasp_grasp_pose-20260711-023720-b2ed62/grounded_sam2/seg_mask.png", "region_object_id": 1}}, "time_s": 1783708647.1998742}
{"skill": "detect_grasps", "args": {"sdk_root": "/home/yanwen/research/agentic/loopmaster/third_party/anygrasp_sdk", "color_path": "/home/yanwen/research/agentic/loopmaster/_grasp_runs/capture_anygrasp_grasp_pose-20260711-023720-b2ed62/captures/d435_frame_003579_rgb.png", "depth_path": "/home/yanwen/research/agentic/loopmaster/_grasp_runs/capture_anygrasp_grasp_pose-20260711-023720-b2ed62/captures/d435_frame_003579_depth.png", "top_k": 5, "depth_scale": 999.999952502551, "depth_trunc": 1.0, "fx": 607.03662109375, "fy": 606.8038940429688, "cx": 316.76116943359375, "cy": 242.75991821289062, "seg_mask_path": "/home/yanwen/research/agentic/loopmaster/_grasp_runs/capture_anygrasp_grasp_pose-20260711-023720-b2ed62/grounded_sam2/seg_mask.png", "region_object_id": 1}, "result": {"ok": true, "status": {"sdk_root": "/home/yanwen/research/agentic/loopmaster/third_party/anygrasp_sdk", "detection_dir": "/home/yanwen/research/agentic/loopmaster/third_party/anygrasp_sdk/grasp_detection", "gsnet_so": "/home/yanwen/research/agentic/loopmaster/third_party/anygrasp_sdk/grasp_detection/gsnet.so", "license_dir": "/home/yanwen/research/agentic/loopmaster/third_party/anygrasp_sdk/grasp_detection/license", "checkpoint_path": "/home/yanwen/research/agentic/loopmaster/third_party/anygrasp_sdk/grasp_detection/log/checkpoint_detection.tar", "python": "/home/yanwen/research/agentic/loopmaster/.venv/bin/python", "feature_id": "N61993323658455566014", "license_ok": true, "checkpoint_exists": true, "dependencies": {"numpy": {"ok": true, "version": "2.3.5"}, "PIL": {"ok": true, "version": "12.3.0"}, "torch": {"ok": true, "version": "2.11.0+cu128"}, "open3d": {"ok": true, "version": "0.19.0"}, "MinkowskiEngine": {"ok": true, "version": "0.5.4"}, "graspnetAPI": {"ok": true, "version": "1.2.11"}, "pointnet2": {"ok": true, "version": ""}, "gsnet": {"ok": true, "version": ""}}}, "source": {"type": "rgbd", "data_dir": "/home/yanwen/research/agentic/loopmaster/third_party/anygrasp_sdk/grasp_detection/example_data", "color_path": "/home/yanwen/research/agentic/loopmaster/_grasp_runs/capture_anygrasp_grasp_pose-20260711-023720-b2ed62/captures/d435_frame_003579_rgb.png", "depth_path": "/home/yanwen/research/agentic/loopmaster/_grasp_runs/capture_anygrasp_grasp_pose-20260711-023720-b2ed62/captures/d435_frame_003579_depth.png", "seg_mask_path": "/home/yanwen/research/agentic/loopmaster/_grasp_runs/capture_anygrasp_grasp_pose-20260711-023720-b2ed62/grounded_sam2/seg_mask.png", "region_mask_path": "", "region_point_count": 2230, "region_point_fraction": 0.01473444953946586}, "point_count": 151346, "grasp_count": 10, "top_k": 5, "grasps": [{"index": 0, "score": 0.10726107656955719, "width": 0.10000000149011612, "height": 0.029999999329447746, "depth": 0.029999999329447746, "translation": [-0.08464348316192627, -0.05162816494703293, 0.42900002002716064], "rotation_matrix": [[0.07559296488761902, -0.9657150506973267, -0.24835477769374847], [0.2812020480632782, 0.2596043050289154, -0.923867404460907], [0.9566666483879089, 0.0, 0.29118531942367554]], "object_id": -1.0}, {"index": 1, "score": 0.07829534262418747, "width": 0.10000000149011612, "height": 0.029999999329447746, "depth": 0.029999999329447746, "translation": [-0.07736518979072571, -0.04462573677301407, 0.42500001192092896], "rotation_matrix": [[-0.10528454929590225, -0.9855514764785767, 0.13267801702022552], [0.6126206517219543, -0.1693761795759201, -0.7720153331756592], [0.7833333611488342, 0.0, 0.6216018795967102]], "object_id": -1.0}, {"index": 2, "score": 0.07408205419778824, "width": 0.10000000149011612, "height": 0.029999999329447746, "depth": 0.029999999329447746, "translation": [-0.09092141687870026, -0.0507773719727993, 0.42900002002716064], "rotation_matrix": [[0.3722844421863556, -0.8627549409866333, -0.34213781356811523], [0.6352373957633972, 0.505622386932373, -0.5837975144386292], [0.6766666769981384, 0.0, 0.7362895607948303]], "object_id": -1.0}, {"index": 3, "score": 0.03872552514076233, "width": 0.10000000149011612, "height": 0.029999999329447746, "depth": 0.029999999329447746, "translation": [-0.08512331545352936, -0.039488907903432846, 0.4229629933834076], "rotation_matrix": [[0.022774772718548775, 0.9544937610626221, 0.2973598539829254], [0.4925254285335541, -0.2695496082305908, 0.8275033235549927], [0.8700000047683716, 0.12761110067367554, -0.47625139355659485]], "object_id": -1.0}, {"index": 4, "score": 0.03434447571635246, "width": 0.10000000149011612, "height": 0.029999999329447746, "depth": 0.029999999329447746, "translation": [-0.08426550775766373, -0.029478801414370537, 0.4180000126361847], "rotation_matrix": [[-0.01589503511786461, 0.9961710572242737, 0.08596863597631454], [-0.18111571669578552, -0.08742573112249374, 0.9795682430267334], [0.9833333492279053, 0.0, 0.1818118691444397]], "object_id": -1.0}]}, "time_s": 1783708650.3381908}
{"skill": "move_arm_ee", "args": {"side": "right", "input_frame": "arm", "pose": {"position": [0.19978870761867654, 0.17535651683807374, 0.09266100195892954]}, "execute": false, "max_joint_step": 0.05, "step_dt": 0.08, "hold_s": 0.0, "orientation_cost": 0.1, "preserve_current_orientation": true}, "result": {"ok": true, "side": "right", "executed": false, "ik_success": true, "positions": {"joint_1": 1.4898616918364016, "joint_2": -1.8745859738699466, "joint_3": -0.13526793230511308, "joint_4": -1.1216378840798233, "joint_5": 1.4927123609387323, "joint_6": 0.6096438556053192, "gripper": 0.0}, "action_sent": {}, "trajectory": [], "target_arm_pose": [[0.9999999999730146, 3.403357154380486e-10, -7.346411273533663e-06, 0.19978870761867654], [3.9430541239490695e-10, 0.9999999949999995, 9.99999998321997e-05, 0.17535651683807374], [7.346411270835179e-06, -9.999999983239795e-05, 0.9999999949730146, 0.09266100195892954], [0.0, 0.0, 0.0, 1.0]], "target_camera_pose": null, "transform": null, "ik_info": {"backend": "mink", "solver": "daqp", "iterations": 4, "position_error_m": 0.007248088950015288, "task_position_error_m": 0.007248697074148912, "orientation_cost": 0.1, "preserve_current_orientation": true, "target_world_position": [0.19978870761867654, -0.05464348316192627, 0.09266100195892954], "reached_world_position": [0.19716640506464167, -0.05973423745849106, 0.08821774375863968]}, "orientation_cost": 0.1}, "time_s": 1783708652.7907212}
