{"skill": "capture_image", "args": {"source": "d435_rgbd", "camera": "d435", "robot_ip": "192.168.31.22", "port": 6560, "topic": "d435_rgbd", "timeout_ms": 3000, "output_dir": "/home/yanwen/research/agentic/loopmaster/_grasp_runs/capture_anygrasp_grasp_pose-20260711-004225-f86004/captures"}, "result": {"ok": true, "captured": true, "camera": "d435", "source": "d435_rgbd", "endpoint": "tcp://192.168.31.22:6560", "topic": "d435_rgbd", "metadata": {"topic": "d435_rgbd", "frame_id": 46408, "timestamp_s": 1783701745.4863894, "color_encoding": "jpg_bgr8", "depth_encoding": "png_z16", "width": 640, "height": 480, "depth_scale_m": 0.0010000000474974513, "depth_unit": "uint16_raw_times_depth_scale_m", "aligned_depth_to_color": true, "jpeg_quality": 75, "publish_fps": 5.0}, "rgb": {"shape": [480, 640, 3], "dtype": "uint8", "path": "/home/yanwen/research/agentic/loopmaster/_grasp_runs/capture_anygrasp_grasp_pose-20260711-004225-f86004/captures/d435_frame_046408_rgb.png"}, "depth": {"shape": [480, 640], "dtype": "uint16", "path": "/home/yanwen/research/agentic/loopmaster/_grasp_runs/capture_anygrasp_grasp_pose-20260711-004225-f86004/captures/d435_frame_046408_depth.png", "depth_scale_m": 0.0010000000474974513, "valid_depth_pct": 90.246}, "age_ms": 33.866}, "time_s": 1783701745.5304601}
{"skill": "detect_grasps", "args": {"sdk_root": "/home/yanwen/research/agentic/loopmaster/third_party/anygrasp_sdk", "color_path": "/home/yanwen/research/agentic/loopmaster/_grasp_runs/capture_anygrasp_grasp_pose-20260711-004225-f86004/captures/d435_frame_046408_rgb.png", "depth_path": "/home/yanwen/research/agentic/loopmaster/_grasp_runs/capture_anygrasp_grasp_pose-20260711-004225-f86004/captures/d435_frame_046408_depth.png", "top_k": 5, "depth_scale": 999.999952502551, "depth_trunc": 1.0, "fx": 607.03662109375, "fy": 606.8038940429688, "cx": 316.76116943359375, "cy": 242.75991821289062}, "result": {"ok": true, "status": {"sdk_root": "/home/yanwen/research/agentic/loopmaster/third_party/anygrasp_sdk", "detection_dir": "/home/yanwen/research/agentic/loopmaster/third_party/anygrasp_sdk/grasp_detection", "gsnet_so": "/home/yanwen/research/agentic/loopmaster/third_party/anygrasp_sdk/grasp_detection/gsnet.so", "license_dir": "/home/yanwen/research/agentic/loopmaster/third_party/anygrasp_sdk/grasp_detection/license", "checkpoint_path": "/home/yanwen/research/agentic/loopmaster/third_party/anygrasp_sdk/grasp_detection/log/checkpoint_detection.tar", "python": "/home/yanwen/research/agentic/loopmaster/.venv/bin/python", "feature_id": "N61993323658455566014", "license_ok": true, "checkpoint_exists": true, "dependencies": {"numpy": {"ok": true, "version": "2.3.5"}, "PIL": {"ok": true, "version": "12.3.0"}, "torch": {"ok": true, "version": "2.11.0+cu128"}, "open3d": {"ok": true, "version": "0.19.0"}, "MinkowskiEngine": {"ok": true, "version": "0.5.4"}, "graspnetAPI": {"ok": true, "version": "1.2.11"}, "pointnet2": {"ok": true, "version": ""}, "gsnet": {"ok": true, "version": ""}}}, "source": {"type": "rgbd", "data_dir": "/home/yanwen/research/agentic/loopmaster/third_party/anygrasp_sdk/grasp_detection/example_data", "color_path": "/home/yanwen/research/agentic/loopmaster/_grasp_runs/capture_anygrasp_grasp_pose-20260711-004225-f86004/captures/d435_frame_046408_rgb.png", "depth_path": "/home/yanwen/research/agentic/loopmaster/_grasp_runs/capture_anygrasp_grasp_pose-20260711-004225-f86004/captures/d435_frame_046408_depth.png", "seg_mask_path": "", "region_mask_path": ""}, "point_count": 152576, "grasp_count": 123, "top_k": 5, "grasps": [{"index": 0, "score": 0.33637911081314087, "width": 0.10000000149011612, "height": 0.029999999329447746, "depth": 0.029999999329447746, "translation": [0.16900266706943512, 0.005419224500656128, 0.39000001549720764], "rotation_matrix": [[-0.01589503511786461, 0.9961710572242737, 0.08596863597631454], [-0.18111571669578552, -0.08742573112249374, 0.9795682430267334], [0.9833333492279053, 0.0, 0.1818118691444397]], "object_id": -1.0}, {"index": 1, "score": 0.3293023407459259, "width": 0.053966719657182693, "height": 0.029999999329447746, "depth": 0.019999999552965164, "translation": [0.026994891464710236, 0.09936980158090591, 0.2937167286872864], "rotation_matrix": [[0.07559296488761902, -0.2483547329902649, 0.9657150506973267], [0.2812020480632782, -0.923867404460907, -0.259604275226593], [0.9566666483879089, 0.29118531942367554, -1.272811456232148e-08]], "object_id": -1.0}, {"index": 2, "score": 0.316406786441803, "width": 0.07370682805776596, "height": 0.029999999329447746, "depth": 0.029999999329447746, "translation": [0.18474452197551727, 0.00119323143735528, 0.3916052281856537], "rotation_matrix": [[-0.5386781096458435, 0.5867987871170044, -0.6045602560043335], [-0.4088374972343445, 0.4453594386577606, 0.7965594530105591], [0.7366666793823242, 0.6762560606002808, -2.9560091263647337e-08]], "object_id": -1.0}, {"index": 3, "score": 0.3084471523761749, "width": 0.09509935230016708, "height": 0.029999999329447746, "depth": 0.029999999329447746, "translation": [0.17584562301635742, -0.004845182411372662, 0.39252275228500366], "rotation_matrix": [[-0.348649799823761, 0.6805376410484314, 0.6444469094276428], [0.2938424050807953, -0.5735577344894409, 0.764648973941803], [0.89000004529953, 0.45596054196357727, -1.993066867100879e-08]], "object_id": -1.0}, {"index": 4, "score": 0.3023355305194855, "width": 0.10000000149011612, "height": 0.029999999329447746, "depth": 0.029999999329447746, "translation": [0.16854055225849152, -0.035264138132333755, 0.4020000100135803], "rotation_matrix": [[-0.10528454929590225, -0.9855514764785767, 0.13267801702022552], [0.6126206517219543, -0.1693761795759201, -0.7720153331756592], [0.7833333611488342, 0.0, 0.6216018795967102]], "object_id": -1.0}]}, "time_s": 1783701754.0043638}
