{"skill": "capture_image", "args": {"source": "d435_rgbd", "camera": "d435", "robot_ip": "192.168.31.22", "port": 6560, "topic": "d435_rgbd", "timeout_ms": 3000, "output_dir": "/home/yanwen/research/agentic/loopmaster/_grasp_runs/capture_anygrasp_grasp_pose-20260711-010554-a1fd86/captures"}, "result": {"ok": true, "captured": true, "camera": "d435", "source": "d435_rgbd", "endpoint": "tcp://192.168.31.22:6560", "topic": "d435_rgbd", "metadata": {"topic": "d435_rgbd", "frame_id": 52885, "timestamp_s": 1783703154.3189945, "color_encoding": "jpg_bgr8", "depth_encoding": "png_z16", "width": 640, "height": 480, "depth_scale_m": 0.0010000000474974513, "depth_unit": "uint16_raw_times_depth_scale_m", "aligned_depth_to_color": true, "jpeg_quality": 75, "publish_fps": 5.0}, "rgb": {"shape": [480, 640, 3], "dtype": "uint8", "path": "/home/yanwen/research/agentic/loopmaster/_grasp_runs/capture_anygrasp_grasp_pose-20260711-010554-a1fd86/captures/d435_frame_052885_rgb.png"}, "depth": {"shape": [480, 640], "dtype": "uint16", "path": "/home/yanwen/research/agentic/loopmaster/_grasp_runs/capture_anygrasp_grasp_pose-20260711-010554-a1fd86/captures/d435_frame_052885_depth.png", "depth_scale_m": 0.0010000000474974513, "valid_depth_pct": 90.953}, "age_ms": 39.422}, "time_s": 1783703154.3682706}
{"skill": "detect_grasps", "args": {"sdk_root": "/home/yanwen/research/agentic/loopmaster/third_party/anygrasp_sdk", "color_path": "/home/yanwen/research/agentic/loopmaster/_grasp_runs/capture_anygrasp_grasp_pose-20260711-010554-a1fd86/captures/d435_frame_052885_rgb.png", "depth_path": "/home/yanwen/research/agentic/loopmaster/_grasp_runs/capture_anygrasp_grasp_pose-20260711-010554-a1fd86/captures/d435_frame_052885_depth.png", "top_k": 5, "depth_scale": 999.999952502551, "depth_trunc": 1.0, "fx": 607.03662109375, "fy": 606.8038940429688, "cx": 316.76116943359375, "cy": 242.75991821289062}, "result": {"ok": true, "status": {"sdk_root": "/home/yanwen/research/agentic/loopmaster/third_party/anygrasp_sdk", "detection_dir": "/home/yanwen/research/agentic/loopmaster/third_party/anygrasp_sdk/grasp_detection", "gsnet_so": "/home/yanwen/research/agentic/loopmaster/third_party/anygrasp_sdk/grasp_detection/gsnet.so", "license_dir": "/home/yanwen/research/agentic/loopmaster/third_party/anygrasp_sdk/grasp_detection/license", "checkpoint_path": "/home/yanwen/research/agentic/loopmaster/third_party/anygrasp_sdk/grasp_detection/log/checkpoint_detection.tar", "python": "/home/yanwen/research/agentic/loopmaster/.venv/bin/python", "feature_id": "N61993323658455566014", "license_ok": true, "checkpoint_exists": true, "dependencies": {"numpy": {"ok": true, "version": "2.3.5"}, "PIL": {"ok": true, "version": "12.3.0"}, "torch": {"ok": true, "version": "2.11.0+cu128"}, "open3d": {"ok": true, "version": "0.19.0"}, "MinkowskiEngine": {"ok": true, "version": "0.5.4"}, "graspnetAPI": {"ok": true, "version": "1.2.11"}, "pointnet2": {"ok": true, "version": ""}, "gsnet": {"ok": true, "version": ""}}}, "source": {"type": "rgbd", "data_dir": "/home/yanwen/research/agentic/loopmaster/third_party/anygrasp_sdk/grasp_detection/example_data", "color_path": "/home/yanwen/research/agentic/loopmaster/_grasp_runs/capture_anygrasp_grasp_pose-20260711-010554-a1fd86/captures/d435_frame_052885_rgb.png", "depth_path": "/home/yanwen/research/agentic/loopmaster/_grasp_runs/capture_anygrasp_grasp_pose-20260711-010554-a1fd86/captures/d435_frame_052885_depth.png", "seg_mask_path": "", "region_mask_path": ""}, "point_count": 144424, "grasp_count": 118, "top_k": 5, "grasps": [{"index": 0, "score": 0.2313597947359085, "width": 0.04733610525727272, "height": 0.029999999329447746, "depth": 0.029999999329447746, "translation": [0.05060204863548279, 0.09401575475931168, 0.2908833622932434], "rotation_matrix": [[-0.5848186612129211, 0.2427220195531845, 0.7739982008934021], [0.7148725390434265, -0.29669928550720215, 0.6331878304481506], [0.38333332538604736, 0.9236100912094116, -4.037227796516163e-08]], "object_id": -1.0}, {"index": 1, "score": 0.22792905569076538, "width": 0.04188627377152443, "height": 0.029999999329447746, "depth": 0.029999999329447746, "translation": [0.05187270790338516, 0.10015344619750977, 0.289000004529953], "rotation_matrix": [[-0.5112633109092712, -0.13334698975086212, 0.8490161895751953], [0.0687897577881813, -0.9910694360733032, -0.11423392593860626], [0.8566666841506958, 0.0, 0.5158703327178955]], "object_id": -1.0}, {"index": 2, "score": 0.19387875497341156, "width": 0.06119684502482414, "height": 0.029999999329447746, "depth": 0.029999999329447746, "translation": [-0.006044675596058369, 0.09644821286201477, 0.2919915020465851], "rotation_matrix": [[0.3722844421863556, -0.34213778376579285, 0.8627549409866333], [0.6352373957633972, -0.5837975144386292, -0.505622386932373], [0.6766666769981384, 0.7362895607948303, -3.218423927364711e-08]], "object_id": -1.0}, {"index": 3, "score": 0.19349703192710876, "width": 0.08568865805864334, "height": 0.029999999329447746, "depth": 0.019999999552965164, "translation": [-0.01736745983362198, 0.09675198793411255, 0.2930000126361847], "rotation_matrix": [[0.4324139654636383, -0.5711318254470825, -0.6977296471595764], [0.3008623719215393, 0.820858359336853, -0.4854620695114136], [0.8500000238418579, 0.0, 0.5267826914787292]], "object_id": -1.0}, {"index": 4, "score": 0.19303494691848755, "width": 0.09623663127422333, "height": 0.029999999329447746, "depth": 0.019999999552965164, "translation": [-0.004803473595529795, 0.10047303140163422, 0.2939491271972656], "rotation_matrix": [[-0.348649799823761, 0.6805376410484314, 0.6444469094276428], [0.2938424050807953, -0.5735577344894409, 0.764648973941803], [0.89000004529953, 0.45596054196357727, -1.993066867100879e-08]], "object_id": -1.0}]}, "time_s": 1783703159.5084472}
{"skill": "move_arm_ee", "args": {"side": "right", "input_frame": "arm", "pose": {"position": [0.1316190215447579, 0.3540157547593117, 0.11278659439807738]}, "execute": true, "max_joint_step": 0.05, "step_dt": 0.08, "hold_s": 0.0}, "result": {"ok": false, "side": "right", "ik_success": false, "positions": {"joint_1": 1.5, "joint_2": -1.997173655658118, "joint_3": -0.45691212956196675, "joint_4": -1.4, "joint_5": 1.0224348703901942, "joint_6": 0.13750486669044296, "gripper": -0.21229113638401031}, "target_arm_pose": [[1.0, 0.0, 0.0, 0.1316190215447579], [0.0, 1.0, 0.0, 0.3540157547593117], [0.0, 0.0, 1.0, 0.11278659439807738], [0.0, 0.0, 0.0, 1.0]], "target_camera_pose": null, "transform": null, "error": "IK did not converge", "ik_info": {"backend": "mink", "solver": "daqp", "iterations": 80, "position_error_m": 0.05017748555120585, "task_position_error_m": 0.050659065571499635, "target_world_position": [0.1316190215447579, 0.12401575475931167, 0.11278659439807738], "reached_world_position": [0.1816746671732694, 0.12052445451100835, 0.1129389739588691]}}, "time_s": 1783703162.02617}
