{
  "workspace": "/home/yanwen/research/agentic/loopmaster/_grasp_runs/capture_anygrasp_grasp_pose-20260711-023127-2a155b",
  "mode": "anygrasp",
  "rgb_path": "/home/yanwen/research/agentic/loopmaster/_grasp_runs/capture_anygrasp_grasp_pose-20260711-023127-2a155b/captures/d435_frame_001959_rgb.png",
  "depth_path": "/home/yanwen/research/agentic/loopmaster/_grasp_runs/capture_anygrasp_grasp_pose-20260711-023127-2a155b/captures/d435_frame_001959_depth.png",
  "debug_image_path": "/home/yanwen/research/agentic/loopmaster/_grasp_runs/capture_anygrasp_grasp_pose-20260711-023127-2a155b/top_grasp_debug.png",
  "extrinsics_path": "/home/yanwen/research/agentic/loopmaster/loopmaster_agentic/config/head_camera_extrinsics.json",
  "camera_to_object": [
    [
      -0.44938722252845764,
      0.3459436595439911,
      0.823634684085846,
      0.04729382321238518
    ],
    [
      0.6526492834091187,
      -0.5024171471595764,
      0.5671206712722778,
      -0.11605122685432434
    ],
    [
      0.6100000143051147,
      0.7924013733863831,
      -3.463696529593108e-08,
      0.45913422107696533
    ],
    [
      0.0,
      0.0,
      0.0,
      1.0
    ]
  ],
  "right_arm_grasp_pose": [
    [
      0.6941807579983323,
      0.09660468924994031,
      -0.7132885771747959,
      0.21860945819446695
    ],
    [
      0.6526492834091187,
      -0.5024171471595764,
      0.5671206712722778,
      0.14394877314567567
    ],
    [
      -0.3035818974328715,
      -0.8592115491182817,
      -0.4118173120464311,
      -0.08126881080562515
    ],
    [
      0.0,
      0.0,
      0.0,
      1.0
    ]
  ],
  "right_arm_target_pose": [
    [
      1.0,
      0.0,
      0.0,
      0.21860945819446695
    ],
    [
      0.0,
      1.0,
      0.0,
      0.14394877314567567
    ],
    [
      0.0,
      0.0,
      1.0,
      0.06873118919437485
    ],
    [
      0.0,
      0.0,
      0.0,
      1.0
    ]
  ],
  "right_arm_target_z_offset_m": 0.15,
  "target_rotation": "fixed",
  "move_arm_ee_args": {
    "side": "right",
    "input_frame": "arm",
    "pose": {
      "position": [
        0.21860945819446695,
        0.14394877314567567,
        0.06873118919437485
      ]
    },
    "execute": false,
    "max_joint_step": 0.05,
    "step_dt": 0.08,
    "hold_s": 0.0,
    "orientation_cost": 0.1,
    "preserve_current_orientation": true
  },
  "arm_init_config": "/home/yanwen/research/agentic/loopmaster/loopmaster_agentic/config/arm_init_pose.json",
  "init_arm_positions": null,
  "init_arm_results": [],
  "move_arm_ee_result": {
    "ok": true,
    "side": "right",
    "executed": false,
    "ik_success": true,
    "positions": {
      "joint_1": 1.3667772316015967,
      "joint_2": -2.0542189483212,
      "joint_3": -0.0731019307620151,
      "joint_4": -1.3982297645497812,
      "joint_5": 1.4125680299271592,
      "joint_6": 0.5716503193230918,
      "gripper": 0.0
    },
    "action_sent": {},
    "trajectory": [],
    "target_arm_pose": [
      [
        0.9999999999730146,
        3.403357154380486e-10,
        -7.346411273533663e-06,
        0.21860945819446695
      ],
      [
        3.9430541239490695e-10,
        0.9999999949999995,
        9.99999998321997e-05,
        0.14394877314567567
      ],
      [
        7.346411270835179e-06,
        -9.999999983239795e-05,
        0.9999999949730146,
        0.06873118919437485
      ],
      [
        0.0,
        0.0,
        0.0,
        1.0
      ]
    ],
    "target_camera_pose": null,
    "transform": null,
    "ik_info": {
      "backend": "mink",
      "solver": "daqp",
      "iterations": 5,
      "position_error_m": 0.004205952111635567,
      "task_position_error_m": 0.004208126495741928,
      "orientation_cost": 0.1,
      "preserve_current_orientation": true,
      "target_world_position": [
        0.21860945819446695,
        -0.08605122685432434,
        0.06873118919437485
      ],
      "reached_world_position": [
        0.21447914041478994,
        -0.0868364289913718,
        0.0688493662151181
      ]
    },
    "orientation_cost": 0.1
  },
  "move_arm_ee_error": null,
  "post_move_arm_positions": null,
  "camera_params": {
    "source": "/home/yanwen/research/agentic/loopmaster/hei-rebot-lift/software/lerobot-hei-rebot-lift/src/lerobot/cameras/d435_intrinsics_640x480.json",
    "fx": 607.03662109375,
    "fy": 606.8038940429688,
    "cx": 316.76116943359375,
    "cy": 242.75991821289062,
    "depth_scale": 999.999952502551,
    "depth_scale_m": 0.0010000000474974513,
    "width": 640,
    "height": 480
  },
  "top_grasp": {
    "index": 0,
    "score": 0.07210762798786163,
    "width": 0.09251513332128525,
    "height": 0.029999999329447746,
    "depth": 0.019999999552965164,
    "translation": [
      0.04729382321238518,
      -0.11605122685432434,
      0.45913422107696533
    ],
    "rotation_matrix": [
      [
        -0.44938722252845764,
        0.3459436595439911,
        0.823634684085846
      ],
      [
        0.6526492834091187,
        -0.5024171471595764,
        0.5671206712722778
      ],
      [
        0.6100000143051147,
        0.7924013733863831,
        -3.463696529593108e-08
      ]
    ],
    "object_id": -1.0
  },
  "grounded_sam2_result": {
    "ok": true,
    "status": {
      "repo_root": "/home/yanwen/research/agentic/loopmaster/third_party/Grounded-SAM-2",
      "python": "/home/yanwen/research/agentic/loopmaster/.venv/bin/python",
      "dependencies": {
        "cv2": {
          "ok": true,
          "version": "5.0.0"
        },
        "numpy": {
          "ok": true,
          "version": "2.3.5"
        },
        "PIL": {
          "ok": true,
          "version": "12.3.0"
        },
        "torch": {
          "ok": true,
          "version": "2.11.0+cu128"
        },
        "supervision": {
          "ok": true,
          "version": "0.29.1"
        },
        "transformers": {
          "ok": true,
          "version": "5.13.0"
        },
        "pycocotools": {
          "ok": true,
          "version": ""
        }
      }
    },
    "image_path": "/home/yanwen/research/agentic/loopmaster/_grasp_runs/capture_anygrasp_grasp_pose-20260711-023127-2a155b/captures/d435_frame_001959_rgb.png",
    "text_prompt": "yellow bread.",
    "output_dir": "/home/yanwen/research/agentic/loopmaster/_grasp_runs/capture_anygrasp_grasp_pose-20260711-023127-2a155b/grounded_sam2",
    "seg_mask_path": "/home/yanwen/research/agentic/loopmaster/_grasp_runs/capture_anygrasp_grasp_pose-20260711-023127-2a155b/grounded_sam2/seg_mask.png",
    "annotation_count": 1,
    "annotations": [
      {
        "label_id": 1,
        "class_name": "yellow bread",
        "grounding_score": 0.6645402908325195,
        "sam_score": 0.96484375,
        "bbox_xyxy": [
          315.06060791015625,
          73.18143463134766,
          436.4737243652344,
          168.38223266601562
        ],
        "mask_path": "/home/yanwen/research/agentic/loopmaster/_grasp_runs/capture_anygrasp_grasp_pose-20260711-023127-2a155b/grounded_sam2/mask_001.png",
        "area_pixels": 10277
      }
    ],
    "anygrasp_hint": {
      "seg_mask_path": "/home/yanwen/research/agentic/loopmaster/_grasp_runs/capture_anygrasp_grasp_pose-20260711-023127-2a155b/grounded_sam2/seg_mask.png",
      "region_object_id": 1
    }
  }
}