{"skill": "capture_image", "args": {"source": "d435_rgbd", "camera": "d435", "robot_ip": "192.168.31.22", "port": 6560, "topic": "d435_rgbd", "timeout_ms": 3000, "output_dir": "/home/yanwen/research/agentic/loopmaster/_grasp_runs/capture_anygrasp_grasp_pose-20260711-023127-2a155b/captures"}, "result": {"ok": true, "captured": true, "camera": "d435", "source": "d435_rgbd", "endpoint": "tcp://192.168.31.22:6560", "topic": "d435_rgbd", "metadata": {"topic": "d435_rgbd", "frame_id": 1959, "timestamp_s": 1783708287.7092588, "color_encoding": "jpg_bgr8", "depth_encoding": "png_z16", "width": 640, "height": 480, "depth_scale_m": 0.0010000000474974513, "depth_unit": "uint16_raw_times_depth_scale_m", "aligned_depth_to_color": true, "jpeg_quality": 75, "publish_fps": 5.0}, "rgb": {"shape": [480, 640, 3], "dtype": "uint8", "path": "/home/yanwen/research/agentic/loopmaster/_grasp_runs/capture_anygrasp_grasp_pose-20260711-023127-2a155b/captures/d435_frame_001959_rgb.png"}, "depth": {"shape": [480, 640], "dtype": "uint16", "path": "/home/yanwen/research/agentic/loopmaster/_grasp_runs/capture_anygrasp_grasp_pose-20260711-023127-2a155b/captures/d435_frame_001959_depth.png", "depth_scale_m": 0.0010000000474974513, "valid_depth_pct": 87.424}, "age_ms": 30.309}, "time_s": 1783708287.7525995}
{"skill": "grounded_sam2", "args": {"text_prompt": "yellow bread.", "img_path": "/home/yanwen/research/agentic/loopmaster/_grasp_runs/capture_anygrasp_grasp_pose-20260711-023127-2a155b/captures/d435_frame_001959_rgb.png", "output_dir": "/home/yanwen/research/agentic/loopmaster/_grasp_runs/capture_anygrasp_grasp_pose-20260711-023127-2a155b/grounded_sam2", "box_threshold": 0.4, "text_threshold": 0.3, "force_cpu": false, "local_files_only": true}, "result": {"ok": true, "status": {"repo_root": "/home/yanwen/research/agentic/loopmaster/third_party/Grounded-SAM-2", "python": "/home/yanwen/research/agentic/loopmaster/.venv/bin/python", "dependencies": {"cv2": {"ok": true, "version": "5.0.0"}, "numpy": {"ok": true, "version": "2.3.5"}, "PIL": {"ok": true, "version": "12.3.0"}, "torch": {"ok": true, "version": "2.11.0+cu128"}, "supervision": {"ok": true, "version": "0.29.1"}, "transformers": {"ok": true, "version": "5.13.0"}, "pycocotools": {"ok": true, "version": ""}}}, "image_path": "/home/yanwen/research/agentic/loopmaster/_grasp_runs/capture_anygrasp_grasp_pose-20260711-023127-2a155b/captures/d435_frame_001959_rgb.png", "text_prompt": "yellow bread.", "output_dir": "/home/yanwen/research/agentic/loopmaster/_grasp_runs/capture_anygrasp_grasp_pose-20260711-023127-2a155b/grounded_sam2", "seg_mask_path": "/home/yanwen/research/agentic/loopmaster/_grasp_runs/capture_anygrasp_grasp_pose-20260711-023127-2a155b/grounded_sam2/seg_mask.png", "annotation_count": 1, "annotations": [{"label_id": 1, "class_name": "yellow bread", "grounding_score": 0.6645402908325195, "sam_score": 0.96484375, "bbox_xyxy": [315.06060791015625, 73.18143463134766, 436.4737243652344, 168.38223266601562], "mask_path": "/home/yanwen/research/agentic/loopmaster/_grasp_runs/capture_anygrasp_grasp_pose-20260711-023127-2a155b/grounded_sam2/mask_001.png", "area_pixels": 10277}], "anygrasp_hint": {"seg_mask_path": "/home/yanwen/research/agentic/loopmaster/_grasp_runs/capture_anygrasp_grasp_pose-20260711-023127-2a155b/grounded_sam2/seg_mask.png", "region_object_id": 1}}, "time_s": 1783708295.1064339}
{"skill": "detect_grasps", "args": {"sdk_root": "/home/yanwen/research/agentic/loopmaster/third_party/anygrasp_sdk", "color_path": "/home/yanwen/research/agentic/loopmaster/_grasp_runs/capture_anygrasp_grasp_pose-20260711-023127-2a155b/captures/d435_frame_001959_rgb.png", "depth_path": "/home/yanwen/research/agentic/loopmaster/_grasp_runs/capture_anygrasp_grasp_pose-20260711-023127-2a155b/captures/d435_frame_001959_depth.png", "top_k": 5, "depth_scale": 999.999952502551, "depth_trunc": 1.0, "fx": 607.03662109375, "fy": 606.8038940429688, "cx": 316.76116943359375, "cy": 242.75991821289062, "seg_mask_path": "/home/yanwen/research/agentic/loopmaster/_grasp_runs/capture_anygrasp_grasp_pose-20260711-023127-2a155b/grounded_sam2/seg_mask.png", "region_object_id": 1}, "result": {"ok": true, "status": {"sdk_root": "/home/yanwen/research/agentic/loopmaster/third_party/anygrasp_sdk", "detection_dir": "/home/yanwen/research/agentic/loopmaster/third_party/anygrasp_sdk/grasp_detection", "gsnet_so": "/home/yanwen/research/agentic/loopmaster/third_party/anygrasp_sdk/grasp_detection/gsnet.so", "license_dir": "/home/yanwen/research/agentic/loopmaster/third_party/anygrasp_sdk/grasp_detection/license", "checkpoint_path": "/home/yanwen/research/agentic/loopmaster/third_party/anygrasp_sdk/grasp_detection/log/checkpoint_detection.tar", "python": "/home/yanwen/research/agentic/loopmaster/.venv/bin/python", "feature_id": "N61993323658455566014", "license_ok": true, "checkpoint_exists": true, "dependencies": {"numpy": {"ok": true, "version": "2.3.5"}, "PIL": {"ok": true, "version": "12.3.0"}, "torch": {"ok": true, "version": "2.11.0+cu128"}, "open3d": {"ok": true, "version": "0.19.0"}, "MinkowskiEngine": {"ok": true, "version": "0.5.4"}, "graspnetAPI": {"ok": true, "version": "1.2.11"}, "pointnet2": {"ok": true, "version": ""}, "gsnet": {"ok": true, "version": ""}}}, "source": {"type": "rgbd", "data_dir": "/home/yanwen/research/agentic/loopmaster/third_party/anygrasp_sdk/grasp_detection/example_data", "color_path": "/home/yanwen/research/agentic/loopmaster/_grasp_runs/capture_anygrasp_grasp_pose-20260711-023127-2a155b/captures/d435_frame_001959_rgb.png", "depth_path": "/home/yanwen/research/agentic/loopmaster/_grasp_runs/capture_anygrasp_grasp_pose-20260711-023127-2a155b/captures/d435_frame_001959_depth.png", "seg_mask_path": "/home/yanwen/research/agentic/loopmaster/_grasp_runs/capture_anygrasp_grasp_pose-20260711-023127-2a155b/grounded_sam2/seg_mask.png", "region_mask_path": "", "region_point_count": 10230, "region_point_fraction": 0.04222805627105211}, "point_count": 242256, "grasp_count": 22, "top_k": 5, "grasps": [{"index": 0, "score": 0.07210762798786163, "width": 0.09251513332128525, "height": 0.029999999329447746, "depth": 0.019999999552965164, "translation": [0.04729382321238518, -0.11605122685432434, 0.45913422107696533], "rotation_matrix": [[-0.44938722252845764, 0.3459436595439911, 0.823634684085846], [0.6526492834091187, -0.5024171471595764, 0.5671206712722778], [0.6100000143051147, 0.7924013733863831, -3.463696529593108e-08]], "object_id": -1.0}, {"index": 1, "score": 0.048114027827978134, "width": 0.05125487595796585, "height": 0.029999999329447746, "depth": 0.019999999552965164, "translation": [0.03742015361785889, -0.1271887570619583, 0.4576442837715149], "rotation_matrix": [[0.014063128270208836, 0.2548806667327881, 0.9668701887130737], [0.9608630537986755, -0.2709985077381134, 0.057463280856609344], [0.27666667103767395, 0.9282217621803284, -0.24871648848056793]], "object_id": -1.0}, {"index": 2, "score": 0.040963321924209595, "width": 0.10000000149011612, "height": 0.029999999329447746, "depth": 0.019999999552965164, "translation": [0.04213739559054375, -0.09326599538326263, 0.45000001788139343], "rotation_matrix": [[-0.13066884875297546, -0.7936007380485535, 0.5942419767379761], [0.17043437063694, -0.6084388494491577, -0.7750834226608276], [0.9766666889190674, 0.0, 0.21476083993911743]], "object_id": -1.0}, {"index": 3, "score": 0.034945037215948105, "width": 0.10000000149011612, "height": 0.029999999329447746, "depth": 0.019999999552965164, "translation": [0.03506544232368469, -0.08995243161916733, 0.45199114084243774], "rotation_matrix": [[-0.08158158510923386, 0.996666669845581, -4.356568439334296e-08], [0.0, 4.371138828673793e-08, 1.0], [0.996666669845581, 0.08158158510923386, -3.56604434870178e-09]], "object_id": -1.0}, {"index": 4, "score": 0.03487955406308174, "width": 0.10000000149011612, "height": 0.029999999329447746, "depth": 0.019999999552965164, "translation": [0.0397757962346077, -0.0995214581489563, 0.44897031784057617], "rotation_matrix": [[0.07559296488761902, 0.8685302734375, 0.4898375868797302], [0.2812020480632782, -0.48987287282943726, 0.8251969814300537], [0.9566666483879089, 0.07536426186561584, -0.28126344084739685]], "object_id": -1.0}]}, "time_s": 1783708298.2047722}
{"skill": "move_arm_ee", "args": {"side": "right", "input_frame": "arm", "pose": {"position": [0.21860945819446695, 0.14394877314567567, 0.06873118919437485]}, "execute": false, "max_joint_step": 0.05, "step_dt": 0.08, "hold_s": 0.0, "orientation_cost": 0.1, "preserve_current_orientation": true}, "result": {"ok": true, "side": "right", "executed": false, "ik_success": true, "positions": {"joint_1": 1.3667772316015967, "joint_2": -2.0542189483212, "joint_3": -0.0731019307620151, "joint_4": -1.3982297645497812, "joint_5": 1.4125680299271592, "joint_6": 0.5716503193230918, "gripper": 0.0}, "action_sent": {}, "trajectory": [], "target_arm_pose": [[0.9999999999730146, 3.403357154380486e-10, -7.346411273533663e-06, 0.21860945819446695], [3.9430541239490695e-10, 0.9999999949999995, 9.99999998321997e-05, 0.14394877314567567], [7.346411270835179e-06, -9.999999983239795e-05, 0.9999999949730146, 0.06873118919437485], [0.0, 0.0, 0.0, 1.0]], "target_camera_pose": null, "transform": null, "ik_info": {"backend": "mink", "solver": "daqp", "iterations": 5, "position_error_m": 0.004205952111635567, "task_position_error_m": 0.004208126495741928, "orientation_cost": 0.1, "preserve_current_orientation": true, "target_world_position": [0.21860945819446695, -0.08605122685432434, 0.06873118919437485], "reached_world_position": [0.21447914041478994, -0.0868364289913718, 0.0688493662151181]}, "orientation_cost": 0.1}, "time_s": 1783708300.6131964}
