{"skill": "capture_image", "args": {"source": "d435_rgbd", "camera": "d435", "robot_ip": "192.168.31.22", "port": 6560, "topic": "d435_rgbd", "timeout_ms": 3000, "output_dir": "/home/yanwen/research/agentic/loopmaster/_grasp_runs/capture_anygrasp_grasp_pose-20260711-004955-0a6a01/captures"}, "result": {"ok": true, "captured": true, "camera": "d435", "source": "d435_rgbd", "endpoint": "tcp://192.168.31.22:6560", "topic": "d435_rgbd", "metadata": {"topic": "d435_rgbd", "frame_id": 48474, "timestamp_s": 1783702195.6125426, "color_encoding": "jpg_bgr8", "depth_encoding": "png_z16", "width": 640, "height": 480, "depth_scale_m": 0.0010000000474974513, "depth_unit": "uint16_raw_times_depth_scale_m", "aligned_depth_to_color": true, "jpeg_quality": 75, "publish_fps": 5.0}, "rgb": {"shape": [480, 640, 3], "dtype": "uint8", "path": "/home/yanwen/research/agentic/loopmaster/_grasp_runs/capture_anygrasp_grasp_pose-20260711-004955-0a6a01/captures/d435_frame_048474_rgb.png"}, "depth": {"shape": [480, 640], "dtype": "uint16", "path": "/home/yanwen/research/agentic/loopmaster/_grasp_runs/capture_anygrasp_grasp_pose-20260711-004955-0a6a01/captures/d435_frame_048474_depth.png", "depth_scale_m": 0.0010000000474974513, "valid_depth_pct": 87.751}, "age_ms": 41.381}, "time_s": 1783702195.666197}
{"skill": "detect_grasps", "args": {"sdk_root": "/home/yanwen/research/agentic/loopmaster/third_party/anygrasp_sdk", "color_path": "/home/yanwen/research/agentic/loopmaster/_grasp_runs/capture_anygrasp_grasp_pose-20260711-004955-0a6a01/captures/d435_frame_048474_rgb.png", "depth_path": "/home/yanwen/research/agentic/loopmaster/_grasp_runs/capture_anygrasp_grasp_pose-20260711-004955-0a6a01/captures/d435_frame_048474_depth.png", "top_k": 5, "depth_scale": 999.999952502551, "depth_trunc": 1.0, "fx": 607.03662109375, "fy": 606.8038940429688, "cx": 316.76116943359375, "cy": 242.75991821289062}, "result": {"ok": true, "status": {"sdk_root": "/home/yanwen/research/agentic/loopmaster/third_party/anygrasp_sdk", "detection_dir": "/home/yanwen/research/agentic/loopmaster/third_party/anygrasp_sdk/grasp_detection", "gsnet_so": "/home/yanwen/research/agentic/loopmaster/third_party/anygrasp_sdk/grasp_detection/gsnet.so", "license_dir": "/home/yanwen/research/agentic/loopmaster/third_party/anygrasp_sdk/grasp_detection/license", "checkpoint_path": "/home/yanwen/research/agentic/loopmaster/third_party/anygrasp_sdk/grasp_detection/log/checkpoint_detection.tar", "python": "/home/yanwen/research/agentic/loopmaster/.venv/bin/python", "feature_id": "N61993323658455566014", "license_ok": true, "checkpoint_exists": true, "dependencies": {"numpy": {"ok": true, "version": "2.3.5"}, "PIL": {"ok": true, "version": "12.3.0"}, "torch": {"ok": true, "version": "2.11.0+cu128"}, "open3d": {"ok": true, "version": "0.19.0"}, "MinkowskiEngine": {"ok": true, "version": "0.5.4"}, "graspnetAPI": {"ok": true, "version": "1.2.11"}, "pointnet2": {"ok": true, "version": ""}, "gsnet": {"ok": true, "version": ""}}}, "source": {"type": "rgbd", "data_dir": "/home/yanwen/research/agentic/loopmaster/third_party/anygrasp_sdk/grasp_detection/example_data", "color_path": "/home/yanwen/research/agentic/loopmaster/_grasp_runs/capture_anygrasp_grasp_pose-20260711-004955-0a6a01/captures/d435_frame_048474_rgb.png", "depth_path": "/home/yanwen/research/agentic/loopmaster/_grasp_runs/capture_anygrasp_grasp_pose-20260711-004955-0a6a01/captures/d435_frame_048474_depth.png", "seg_mask_path": "", "region_mask_path": ""}, "point_count": 155220, "grasp_count": 144, "top_k": 5, "grasps": [{"index": 0, "score": 0.31896406412124634, "width": 0.06659480929374695, "height": 0.029999999329447746, "depth": 0.029999999329447746, "translation": [0.1346283257007599, -0.09703980386257172, 0.36000001430511475], "rotation_matrix": [[0.08393849432468414, -0.9952706694602966, -0.04889412969350815], [0.860005795955658, 0.09714064747095108, -0.500952959060669], [0.5033333897590637, 0.0, 0.8640924096107483]], "object_id": -1.0}, {"index": 1, "score": 0.3039170205593109, "width": 0.0832456722855568, "height": 0.029999999329447746, "depth": 0.029999999329447746, "translation": [0.12421001493930817, -0.061451707035303116, 0.35547301173210144], "rotation_matrix": [[0.3237262964248657, -0.8658037185668945, 0.3815564215183258], [0.13362950086593628, -0.3573911786079407, -0.9243456125259399], [0.9366666674613953, 0.3502221703529358, -1.530869653265654e-08]], "object_id": -1.0}, {"index": 2, "score": 0.28297629952430725, "width": 0.04813253879547119, "height": 0.029999999329447746, "depth": 0.019999999552965164, "translation": [0.015550829470157623, 0.1005224883556366, 0.29350611567497253], "rotation_matrix": [[0.07559296488761902, -0.2483547329902649, 0.9657150506973267], [0.2812020480632782, -0.923867404460907, -0.259604275226593], [0.9566666483879089, 0.29118531942367554, -1.272811456232148e-08]], "object_id": -1.0}, {"index": 3, "score": 0.2666444778442383, "width": 0.06528352946043015, "height": 0.029999999329447746, "depth": 0.029999999329447746, "translation": [0.13261358439922333, -0.09556476771831512, 0.3578157424926758], "rotation_matrix": [[0.08393849432468414, 0.9487029910087585, 0.3048229515552521], [0.860005795955658, -0.2234867513179779, 0.45874157547950745], [0.5033333897590637, 0.2236434370279312, -0.8346492052078247]], "object_id": -1.0}, {"index": 4, "score": 0.2649780511856079, "width": 0.061984505504369736, "height": 0.029999999329447746, "depth": 0.029999999329447746, "translation": [0.14295271039009094, -0.09733805805444717, 0.3580000102519989], "rotation_matrix": [[-0.27048853039741516, -0.9261959195137024, 0.2626730799674988], [0.6644483208656311, -0.37704265117645264, -0.6452498435974121], [0.6966667175292969, 0.0, 0.717395007610321]], "object_id": -1.0}]}, "time_s": 1783702200.9844108}
{"skill": "move_arm_ee", "args": {"side": "right", "input_frame": "arm", "pose": {"matrix": [[0.17897382643893947, 0.8619296833941619, 0.4743897632158832, 0.09340845702673388], [0.860005795955658, 0.09714064747095108, -0.500952959060669, 0.1629601961374283], [-0.4778687492666254, 0.4976353347301483, -0.7238789130934628, 0.010916679398629406], [0.0, 0.0, 0.0, 1.0]]}, "execute": true}, "result": {"ok": true, "side": "right", "executed": true, "ik_success": true, "positions": {"joint_1": -0.0025125480662770566, "joint_2": -1.2033511722509835, "joint_3": -1.3271781387547577e-05, "joint_4": 0.16127233346700157, "joint_5": -1.0410693435418017, "joint_6": 1.2532283349894713, "gripper": -0.15430685877799988}, "action_sent": {"right_joint_1.pos": -0.002512548118829727, "right_joint_2.pos": -1.2033511400222778, "right_joint_3.pos": -1.3271781426738016e-05, "right_joint_4.pos": 0.161272332072258, "right_joint_5.pos": -1.0410693883895874, "right_joint_6.pos": 1.2532283067703247, "right_gripper.pos": -0.15430685877799988, "left_joint_1.pos": 0.0, "left_joint_2.pos": 0.0, "left_joint_3.pos": 0.0, "left_joint_4.pos": 0.0, "left_joint_5.pos": 0.0, "left_joint_6.pos": 0.0, "left_gripper.pos": 0.0, "x.vel": 0.0, "y.vel": 0.0, "theta.vel": 0.0, "height.pos": 0.0}, "target_arm_pose": [[0.17897382643893947, 0.8619296833941619, 0.4743897632158832, 0.09340845702673388], [0.860005795955658, 0.09714064747095108, -0.500952959060669, 0.1629601961374283], [-0.4778687492666254, 0.4976353347301483, -0.7238789130934628, 0.010916679398629406], [0.0, 0.0, 0.0, 1.0]], "target_camera_pose": null, "transform": null, "ik_info": {"backend": "mink", "solver": "daqp", "iterations": 4, "position_error_m": 0.005486125104705045, "task_position_error_m": 0.005487142612533202, "target_world_position": [0.09340845702673388, -0.06703980386257172, 0.010916679398629406], "reached_world_position": [0.09566485232103869, -0.07197829623861457, 0.011702517799371356]}}, "time_s": 1783702203.5122485}
