{
  "workspace": "/home/yanwen/research/agentic/loopmaster/_grasp_runs/capture_anygrasp_grasp_pose-20260711-011157-48ac88",
  "rgb_path": "/home/yanwen/research/agentic/loopmaster/_grasp_runs/capture_anygrasp_grasp_pose-20260711-011157-48ac88/captures/d435_frame_054564_rgb.png",
  "depth_path": "/home/yanwen/research/agentic/loopmaster/_grasp_runs/capture_anygrasp_grasp_pose-20260711-011157-48ac88/captures/d435_frame_054564_depth.png",
  "debug_image_path": "/home/yanwen/research/agentic/loopmaster/_grasp_runs/capture_anygrasp_grasp_pose-20260711-011157-48ac88/top_grasp_debug.png",
  "extrinsics_path": "/home/yanwen/research/agentic/loopmaster/loopmaster_agentic/config/head_camera_extrinsics.json",
  "camera_to_object": [
    [
      -0.5112633109092712,
      -0.13334698975086212,
      0.8490161895751953,
      0.038853179663419724
    ],
    [
      0.0687897577881813,
      -0.9910694360733032,
      -0.11423392593860626,
      0.09892506897449493
    ],
    [
      0.8566666841506958,
      0.0,
      0.5158703327178955,
      0.289000004529953
    ],
    [
      0.0,
      0.0,
      0.0,
      1.0
    ]
  ],
  "right_arm_grasp_pose": [
    [
      0.8711003573457186,
      0.11548188064242976,
      -0.47733442203743626,
      0.1408521616586541
    ],
    [
      0.0687897577881813,
      -0.9910694360733032,
      -0.11423392593860626,
      0.35892506897449494
    ],
    [
      -0.4862634555956468,
      0.06667349487543106,
      -0.8712649079800258,
      0.07029206455153303
    ],
    [
      0.0,
      0.0,
      0.0,
      1.0
    ]
  ],
  "right_arm_target_pose": [
    [
      1.0,
      0.0,
      0.0,
      0.1408521616586541
    ],
    [
      0.0,
      1.0,
      0.0,
      0.35892506897449494
    ],
    [
      0.0,
      0.0,
      1.0,
      0.12029206455153303
    ],
    [
      0.0,
      0.0,
      0.0,
      1.0
    ]
  ],
  "right_arm_target_z_offset_m": 0.05,
  "target_rotation": "fixed",
  "move_arm_ee_args": {
    "side": "right",
    "input_frame": "arm",
    "pose": {
      "position": [
        0.1408521616586541,
        0.35892506897449494,
        0.12029206455153303
      ]
    },
    "execute": true,
    "max_joint_step": 0.05,
    "step_dt": 0.08,
    "hold_s": 0.0
  },
  "init_right_arm_positions": {
    "joint_1": -0.1356145590543747,
    "joint_2": -1.3578622341156006,
    "joint_3": -1.3181887865066528,
    "joint_4": 1.2438009977340698,
    "joint_5": 0.010490577667951584,
    "joint_6": 0.026131074875593185,
    "gripper": -0.21229113638401031
  },
  "init_arm_results": [
    {
      "side": "right",
      "args": {
        "side": "right",
        "positions": {
          "joint_1": -0.1356145590543747,
          "joint_2": -1.3578622341156006,
          "joint_3": -1.3181887865066528,
          "joint_4": 1.2438009977340698,
          "joint_5": 0.010490577667951584,
          "joint_6": 0.026131074875593185,
          "gripper": -0.21229113638401031
        }
      },
      "result": {
        "ok": true,
        "action_sent": {
          "right_joint_1.pos": -0.1356145590543747,
          "right_joint_2.pos": -1.3578622341156006,
          "right_joint_3.pos": -1.3181887865066528,
          "right_joint_4.pos": 1.2438009977340698,
          "right_joint_5.pos": 0.010490577667951584,
          "right_joint_6.pos": 0.026131074875593185,
          "right_gripper.pos": -0.21229113638401031,
          "left_joint_1.pos": 0.0,
          "left_joint_2.pos": 0.0,
          "left_joint_3.pos": 0.0,
          "left_joint_4.pos": 0.0,
          "left_joint_5.pos": 0.0,
          "left_joint_6.pos": 0.0,
          "left_gripper.pos": 0.0,
          "x.vel": 0.0,
          "y.vel": 0.0,
          "theta.vel": 0.0,
          "height.pos": 0.0
        }
      }
    },
    {
      "side": "left",
      "args": {
        "side": "left",
        "positions": {
          "joint_1": -0.1356145590543747,
          "joint_2": -1.3578622341156006,
          "joint_3": -1.3181887865066528,
          "joint_4": 1.2438009977340698,
          "joint_5": 0.010490577667951584,
          "joint_6": 0.026131074875593185,
          "gripper": -0.21229113638401031
        }
      },
      "result": {
        "ok": true,
        "action_sent": {
          "right_joint_1.pos": 0.0,
          "right_joint_2.pos": 0.0,
          "right_joint_3.pos": 0.0,
          "right_joint_4.pos": 0.0,
          "right_joint_5.pos": 0.0,
          "right_joint_6.pos": 0.0,
          "right_gripper.pos": 0.0,
          "left_joint_1.pos": -0.1356145590543747,
          "left_joint_2.pos": -1.3578622341156006,
          "left_joint_3.pos": -1.3181887865066528,
          "left_joint_4.pos": 1.2438009977340698,
          "left_joint_5.pos": 0.010490577667951584,
          "left_joint_6.pos": 0.026131074875593185,
          "left_gripper.pos": -0.21229113638401031,
          "x.vel": 0.0,
          "y.vel": 0.0,
          "theta.vel": 0.0,
          "height.pos": 0.0
        }
      }
    }
  ],
  "move_arm_ee_result": {
    "ok": false,
    "side": "right",
    "ik_success": false,
    "positions": {
      "joint_1": 1.5,
      "joint_2": -2.028616895045138,
      "joint_3": -0.5291379378906074,
      "joint_4": -1.4,
      "joint_5": 1.1020625383508755,
      "joint_6": 0.0978487257330634,
      "gripper": -0.16193637251853943
    },
    "target_arm_pose": [
      [
        1.0,
        0.0,
        0.0,
        0.1408521616586541
      ],
      [
        0.0,
        1.0,
        0.0,
        0.35892506897449494
      ],
      [
        0.0,
        0.0,
        1.0,
        0.12029206455153303
      ],
      [
        0.0,
        0.0,
        0.0,
        1.0
      ]
    ],
    "target_camera_pose": null,
    "transform": null,
    "error": "IK did not converge",
    "ik_info": {
      "backend": "mink",
      "solver": "daqp",
      "iterations": 80,
      "position_error_m": 0.04842328670440222,
      "task_position_error_m": 0.04874491637220101,
      "target_world_position": [
        0.1408521616586541,
        0.12892506897449493,
        0.12029206455153303
      ],
      "reached_world_position": [
        0.1891568081227341,
        0.1255387730406533,
        0.1203860064773574
      ]
    }
  },
  "move_arm_ee_error": "move_arm_ee failed: IK did not converge\ntrace: /home/yanwen/research/agentic/loopmaster/_grasp_runs/capture_anygrasp_grasp_pose-20260711-011157-48ac88/trace.jsonl",
  "post_move_arm_positions": null,
  "camera_params": {
    "source": "/home/yanwen/research/agentic/loopmaster/hei-rebot-lift/software/lerobot-hei-rebot-lift/src/lerobot/cameras/d435_intrinsics_640x480.json",
    "fx": 607.03662109375,
    "fy": 606.8038940429688,
    "cx": 316.76116943359375,
    "cy": 242.75991821289062,
    "depth_scale": 999.999952502551,
    "depth_scale_m": 0.0010000000474974513,
    "width": 640,
    "height": 480
  },
  "top_grasp": {
    "index": 0,
    "score": 0.265228807926178,
    "width": 0.04523700475692749,
    "height": 0.029999999329447746,
    "depth": 0.029999999329447746,
    "translation": [
      0.038853179663419724,
      0.09892506897449493,
      0.289000004529953
    ],
    "rotation_matrix": [
      [
        -0.5112633109092712,
        -0.13334698975086212,
        0.8490161895751953
      ],
      [
        0.0687897577881813,
        -0.9910694360733032,
        -0.11423392593860626
      ],
      [
        0.8566666841506958,
        0.0,
        0.5158703327178955
      ]
    ],
    "object_id": -1.0
  }
}