{"skill": "capture_image", "args": {"source": "d435_rgbd", "camera": "d435", "robot_ip": "192.168.31.22", "port": 6560, "topic": "d435_rgbd", "timeout_ms": 3000, "output_dir": "/home/yanwen/research/agentic/loopmaster/_grasp_runs/capture_anygrasp_grasp_pose-20260711-011157-48ac88/captures"}, "result": {"ok": true, "captured": true, "camera": "d435", "source": "d435_rgbd", "endpoint": "tcp://192.168.31.22:6560", "topic": "d435_rgbd", "metadata": {"topic": "d435_rgbd", "frame_id": 54564, "timestamp_s": 1783703517.78423, "color_encoding": "jpg_bgr8", "depth_encoding": "png_z16", "width": 640, "height": 480, "depth_scale_m": 0.0010000000474974513, "depth_unit": "uint16_raw_times_depth_scale_m", "aligned_depth_to_color": true, "jpeg_quality": 75, "publish_fps": 5.0}, "rgb": {"shape": [480, 640, 3], "dtype": "uint8", "path": "/home/yanwen/research/agentic/loopmaster/_grasp_runs/capture_anygrasp_grasp_pose-20260711-011157-48ac88/captures/d435_frame_054564_rgb.png"}, "depth": {"shape": [480, 640], "dtype": "uint16", "path": "/home/yanwen/research/agentic/loopmaster/_grasp_runs/capture_anygrasp_grasp_pose-20260711-011157-48ac88/captures/d435_frame_054564_depth.png", "depth_scale_m": 0.0010000000474974513, "valid_depth_pct": 91.069}, "age_ms": 30.248}, "time_s": 1783703517.826856}
{"skill": "detect_grasps", "args": {"sdk_root": "/home/yanwen/research/agentic/loopmaster/third_party/anygrasp_sdk", "color_path": "/home/yanwen/research/agentic/loopmaster/_grasp_runs/capture_anygrasp_grasp_pose-20260711-011157-48ac88/captures/d435_frame_054564_rgb.png", "depth_path": "/home/yanwen/research/agentic/loopmaster/_grasp_runs/capture_anygrasp_grasp_pose-20260711-011157-48ac88/captures/d435_frame_054564_depth.png", "top_k": 5, "depth_scale": 999.999952502551, "depth_trunc": 1.0, "fx": 607.03662109375, "fy": 606.8038940429688, "cx": 316.76116943359375, "cy": 242.75991821289062}, "result": {"ok": true, "status": {"sdk_root": "/home/yanwen/research/agentic/loopmaster/third_party/anygrasp_sdk", "detection_dir": "/home/yanwen/research/agentic/loopmaster/third_party/anygrasp_sdk/grasp_detection", "gsnet_so": "/home/yanwen/research/agentic/loopmaster/third_party/anygrasp_sdk/grasp_detection/gsnet.so", "license_dir": "/home/yanwen/research/agentic/loopmaster/third_party/anygrasp_sdk/grasp_detection/license", "checkpoint_path": "/home/yanwen/research/agentic/loopmaster/third_party/anygrasp_sdk/grasp_detection/log/checkpoint_detection.tar", "python": "/home/yanwen/research/agentic/loopmaster/.venv/bin/python", "feature_id": "N61993323658455566014", "license_ok": true, "checkpoint_exists": true, "dependencies": {"numpy": {"ok": true, "version": "2.3.5"}, "PIL": {"ok": true, "version": "12.3.0"}, "torch": {"ok": true, "version": "2.11.0+cu128"}, "open3d": {"ok": true, "version": "0.19.0"}, "MinkowskiEngine": {"ok": true, "version": "0.5.4"}, "graspnetAPI": {"ok": true, "version": "1.2.11"}, "pointnet2": {"ok": true, "version": ""}, "gsnet": {"ok": true, "version": ""}}}, "source": {"type": "rgbd", "data_dir": "/home/yanwen/research/agentic/loopmaster/third_party/anygrasp_sdk/grasp_detection/example_data", "color_path": "/home/yanwen/research/agentic/loopmaster/_grasp_runs/capture_anygrasp_grasp_pose-20260711-011157-48ac88/captures/d435_frame_054564_rgb.png", "depth_path": "/home/yanwen/research/agentic/loopmaster/_grasp_runs/capture_anygrasp_grasp_pose-20260711-011157-48ac88/captures/d435_frame_054564_depth.png", "seg_mask_path": "", "region_mask_path": ""}, "point_count": 147610, "grasp_count": 124, "top_k": 5, "grasps": [{"index": 0, "score": 0.265228807926178, "width": 0.04523700475692749, "height": 0.029999999329447746, "depth": 0.029999999329447746, "translation": [0.038853179663419724, 0.09892506897449493, 0.289000004529953], "rotation_matrix": [[-0.5112633109092712, -0.13334698975086212, 0.8490161895751953], [0.0687897577881813, -0.9910694360733032, -0.11423392593860626], [0.8566666841506958, 0.0, 0.5158703327178955]], "object_id": -1.0}, {"index": 1, "score": 0.22665594518184662, "width": 0.041007332503795624, "height": 0.029999999329447746, "depth": 0.029999999329447746, "translation": [-0.03325563669204712, 0.09902077913284302, 0.289000004529953], "rotation_matrix": [[0.7483912706375122, -0.12367133796215057, -0.6516256332397461], [0.09327056258916855, 0.9923232793807983, -0.08121085166931152], [0.6566666960716248, 0.0, 0.7541809678077698]], "object_id": -1.0}, {"index": 2, "score": 0.22011131048202515, "width": 0.0606735497713089, "height": 0.029999999329447746, "depth": 0.029999999329447746, "translation": [-0.005397572182118893, 0.09818395972251892, 0.2930736243724823], "rotation_matrix": [[0.3722844421863556, -0.34213778376579285, 0.8627549409866333], [0.6352373957633972, -0.5837975144386292, -0.505622386932373], [0.6766666769981384, 0.7362895607948303, -3.218423927364711e-08]], "object_id": -1.0}, {"index": 3, "score": 0.2193457931280136, "width": 0.039610475301742554, "height": 0.029999999329447746, "depth": 0.029999999329447746, "translation": [0.07404378801584244, 0.10053610801696777, 0.289000004529953], "rotation_matrix": [[-0.5112633109092712, -0.13334698975086212, 0.8490161895751953], [0.0687897577881813, -0.9910694360733032, -0.11423392593860626], [0.8566666841506958, 0.0, 0.5158703327178955]], "object_id": -1.0}, {"index": 4, "score": 0.20049725472927094, "width": 0.0800776556134224, "height": 0.029999999329447746, "depth": 0.019999999552965164, "translation": [0.10490254312753677, 0.03000672347843647, 0.38600000739097595], "rotation_matrix": [[-0.2078252136707306, -0.9682018756866455, 0.13926129043102264], [0.8043201565742493, -0.2501699924468994, -0.5389657020568848], [0.5566666722297668, 0.0, 0.8307359218597412]], "object_id": -1.0}]}, "time_s": 1783703522.9234786}
{"skill": "move_arm_joints", "args": {"side": "right", "positions": {"joint_1": -0.1356145590543747, "joint_2": -1.3578622341156006, "joint_3": -1.3181887865066528, "joint_4": 1.2438009977340698, "joint_5": 0.010490577667951584, "joint_6": 0.026131074875593185, "gripper": -0.21229113638401031}}, "result": {"ok": true, "action_sent": {"right_joint_1.pos": -0.1356145590543747, "right_joint_2.pos": -1.3578622341156006, "right_joint_3.pos": -1.3181887865066528, "right_joint_4.pos": 1.2438009977340698, "right_joint_5.pos": 0.010490577667951584, "right_joint_6.pos": 0.026131074875593185, "right_gripper.pos": -0.21229113638401031, "left_joint_1.pos": 0.0, "left_joint_2.pos": 0.0, "left_joint_3.pos": 0.0, "left_joint_4.pos": 0.0, "left_joint_5.pos": 0.0, "left_joint_6.pos": 0.0, "left_gripper.pos": 0.0, "x.vel": 0.0, "y.vel": 0.0, "theta.vel": 0.0, "height.pos": 0.0}}, "time_s": 1783703525.1891234}
{"skill": "move_arm_joints", "args": {"side": "left", "positions": {"joint_1": -0.1356145590543747, "joint_2": -1.3578622341156006, "joint_3": -1.3181887865066528, "joint_4": 1.2438009977340698, "joint_5": 0.010490577667951584, "joint_6": 0.026131074875593185, "gripper": -0.21229113638401031}}, "result": {"ok": true, "action_sent": {"right_joint_1.pos": 0.0, "right_joint_2.pos": 0.0, "right_joint_3.pos": 0.0, "right_joint_4.pos": 0.0, "right_joint_5.pos": 0.0, "right_joint_6.pos": 0.0, "right_gripper.pos": 0.0, "left_joint_1.pos": -0.1356145590543747, "left_joint_2.pos": -1.3578622341156006, "left_joint_3.pos": -1.3181887865066528, "left_joint_4.pos": 1.2438009977340698, "left_joint_5.pos": 0.010490577667951584, "left_joint_6.pos": 0.026131074875593185, "left_gripper.pos": -0.21229113638401031, "x.vel": 0.0, "y.vel": 0.0, "theta.vel": 0.0, "height.pos": 0.0}}, "time_s": 1783703525.1893592}
{"skill": "move_arm_ee", "args": {"side": "right", "input_frame": "arm", "pose": {"position": [0.1408521616586541, 0.35892506897449494, 0.12029206455153303]}, "execute": true, "max_joint_step": 0.05, "step_dt": 0.08, "hold_s": 0.0}, "result": {"ok": false, "side": "right", "ik_success": false, "positions": {"joint_1": 1.5, "joint_2": -2.028616895045138, "joint_3": -0.5291379378906074, "joint_4": -1.4, "joint_5": 1.1020625383508755, "joint_6": 0.0978487257330634, "gripper": -0.16193637251853943}, "target_arm_pose": [[1.0, 0.0, 0.0, 0.1408521616586541], [0.0, 1.0, 0.0, 0.35892506897449494], [0.0, 0.0, 1.0, 0.12029206455153303], [0.0, 0.0, 0.0, 1.0]], "target_camera_pose": null, "transform": null, "error": "IK did not converge", "ik_info": {"backend": "mink", "solver": "daqp", "iterations": 80, "position_error_m": 0.04842328670440222, "task_position_error_m": 0.04874491637220101, "target_world_position": [0.1408521616586541, 0.12892506897449493, 0.12029206455153303], "reached_world_position": [0.1891568081227341, 0.1255387730406533, 0.1203860064773574]}}, "time_s": 1783703525.9216778}
